50136  122.37   53.47   296.0   73.23
50137  122.37   53.47   296.0   71.78
50246  124.72   52.35   361.9   71.87
50247  123.57   52.03   514.5   69.00
50349  124.33   51.70   494.6   73.03
50353  126.65   51.72   177.4   75.39
50425  120.18   50.25   581.4   74.80
50431  121.52   50.78   979.9   75.17
50434  121.68   50.48   732.6   75.17
50442  124.12   50.40   371.7   71.86
50445  123.73   50.58   423.7   73.67
50468  127.45   50.25   166.4   71.60
50514  117.43   49.57   661.7   75.87
50524  119.43   49.32   576.6   75.80
50525  119.75   49.15   620.8   75.83
50526  120.70   49.28   668.8   76.90
50527  119.75   49.22   610.2   78.97
50548  123.72   49.20   286.1   72.93
50557  125.23   49.17   242.2   74.00
50564  127.35   49.43   234.5   70.17
50566  128.47   49.58   111.9   75.07
50603  116.82   48.67   554.2   76.20
50618  118.27   48.22   642.0   78.93
50632  121.92   48.77   739.7   68.37
50639  122.73   48.00   306.5   64.83
50645  124.48   48.47   192.0   72.37
50646  124.85   48.48   202.8   75.95
50647  123.48   48.12   218.2   70.57
50655  126.18   48.50   271.8   76.37
50656  126.52   48.28   269.7   76.57
50658  125.88   48.05   236.9   75.35
50659  126.25   48.03   294.0   75.52
50673  130.40   48.88    90.4   79.97
50674  129.43   48.57   404.5   81.09
50727  119.95   47.17  1026.5   76.40
50739  123.18   47.33   190.0   70.46
50741  123.50   47.93   185.2   67.71
50742  124.48   47.80   162.7   76.58
50745  123.92   47.38   145.9   74.27
50749  124.83   47.18   154.0   73.67
50750  125.30   47.90   218.4   75.46
50755  126.10   47.60   230.7   80.49
50756  126.97   47.43   239.2   79.95
50758  125.90   47.17   249.2   77.44
50767  127.10   47.23   202.7   77.38
50772  129.25   48.12   296.5   79.76
50774  128.90   47.72   231.3   79.59
50775  130.33   47.37   227.9   70.81
50776  130.83   47.57    83.3   69.50
50778  132.50   47.65    53.6   76.98
50779  134.28   48.37    66.6   73.58
50787  131.85   47.28    61.8   76.01
50788  131.98   47.23    64.2   74.38
50832  122.08   46.72   332.6   68.83
50833  122.90   46.72   187.8   67.50
50834  121.22   46.60   499.7   64.07
50838  122.05   46.08   274.7   59.47
50842  124.43   46.87   151.0   72.31
50844  123.42   46.40   149.5   70.38
50850  125.13   46.57   147.2   63.60
50851  126.10   46.68   204.8   80.46
50852  126.48   46.87   169.1   75.57
50853  126.97   46.62   179.6   76.29
50854  125.32   46.38   149.3   71.35
50858  125.97   46.07   147.2   72.70
50859  126.27   46.25   162.8   81.46
50861  127.48   46.88   184.8   77.73
50862  128.02   46.98   210.5   82.38
50867  127.35   46.08   134.1   78.00
50871  129.88   46.73    95.1   74.10
50873  130.28   46.82    81.2   73.00
50877  129.58   46.30   100.1   78.44
50878  130.72   47.02    78.4   76.73
50879  130.52   46.20   182.4   75.33
50880  131.13   46.72   105.4   68.43
50884  131.15   46.63   175.3   70.30
50888  132.18   46.32    83.0   70.32
50892  134.00   46.80    54.4   73.87
50913  118.80   45.72   865.6   80.43
50915  116.97   45.52   838.7   71.87
50924  119.67   45.53   823.7   67.40
50928  120.33   45.07   628.3   55.47
50934  121.55   45.40   305.3   53.12
50936  122.83   45.63   155.4   66.16
50937  121.47   45.05   249.9   50.83
50939  122.82   45.33   150.8   63.27
50940  123.17   45.85   140.9   68.35
50945  124.27   45.50   137.4   69.07
50946  124.83   45.18   139.7   68.80
50948  124.02   45.00   146.3   68.82
50949  124.83   45.12   134.7   66.33
50950  125.25   45.70   148.7   71.83
50953  126.77   45.75   142.3   75.00
50954  125.08   45.50   127.5   71.20
50955  126.30   45.38   166.4   76.99
50956  126.60   46.00   123.2   78.44
50958  126.95   45.52   174.3   76.33
50960  127.45   45.78   192.2   76.89
50962  128.03   45.95   112.1   76.60
50963  128.73   45.97   108.6   77.37
50964  128.80   45.83   119.0   75.91
50965  128.32   45.45   154.8   78.69
50968  127.97   45.22   189.7   75.53
50971  131.02   45.77   223.5   71.50
50973  130.58   45.75   220.5   68.30
50978  130.95   45.28   233.1   68.56
50979  130.23   45.27   274.7   71.86
50983  132.97   45.77   100.2   72.30
50985  131.87   45.55   151.7   68.70
50987  131.13   45.25   176.0   65.47
51053   86.40   48.05   532.6   74.53
51058   86.62   47.10  1225.2   76.53
51059   85.87   47.43   984.1   71.67
51060   86.87   47.70   473.9   74.41
51068   87.47   47.12   500.9   78.50
51076   88.08   47.73   735.3   76.20
51087   89.52   46.98   807.5   77.77
51133   83.00   46.73   534.9   76.42
51137   82.93   46.20   715.4   76.89
51145   83.65   46.55   521.6   77.83
51156   85.72   46.78  1291.6   71.17
51186   90.38   46.67  1218.2   72.88
51232   82.58   45.18   284.8   83.89
51238   82.07   44.90   531.9   82.47
51241   83.60   45.93  1077.8   74.03
51243   84.85   45.62   449.5   80.21
51288   90.53   45.37  1653.7   59.21
51328   80.42   44.20   770.9   73.47
51329   80.85   44.05   640.0   81.17
51330   81.02   44.97  1354.6   73.90
51334   82.90   44.62   320.1   81.77
51346   84.67   44.43   478.7   82.08
51352   85.25   44.85   337.1   79.30
51353   86.10   45.02   346.0   79.22
51356   86.05   44.32   442.9   83.63
51357   85.62   44.33   522.2   82.13
51358   85.82   44.28   468.2   87.17
51359   86.20   44.32   471.4   83.50
51365   87.53   44.20   440.5   82.90
51367   86.82   44.13   522.1   81.80
51368   87.43   44.02   577.5   85.76
51369   87.65   43.97   600.3   81.53
51377   87.92   44.17   547.0   83.43
51378   89.17   44.02   734.9   82.18
51379   89.57   44.02   793.5   74.01
51430   81.15   43.83   602.6   81.50
51431   81.33   43.95   662.5   77.13
51433   82.57   43.80  1105.2   76.44
51434   81.53   43.97   770.0   74.17
51435   82.23   43.47   774.9   79.37
51436   83.30   43.45   928.2   69.07
51437   81.13   43.15  1851.0   68.68
51438   81.77   43.18  1210.4   71.67
51463   87.62   43.78   917.9   76.87
51465   87.10   43.57  2160.0   61.53
51467   86.33   42.67  1752.5   45.93
51468   86.83   43.10  3539.0   48.80
51469   87.12   43.28  2350.4   46.22
51470   88.12   43.88  1942.5   60.07
51477   88.32   43.35  1103.5   64.40
51482   90.28   43.83  1271.5   61.14
51495   91.63   43.48   873.2   55.61
51526   88.22   42.23   922.4   66.23
51542   84.15   43.03  2458.0   80.67
51559   86.40   42.32  1100.9   73.83
51567   86.57   42.08  1055.8   77.57
51568   86.80   42.25  1085.4   76.23
51571   88.63   42.80     1.0   65.75
51572   89.25   42.83   -48.7   60.90
51573   89.20   42.93    34.5   62.00
51581   90.23   42.85   398.6   64.20
51627   79.23   41.22  1395.8   74.62
51628   80.23   41.17  1103.8   68.29
51629   80.23   41.27  1132.0   70.60
51633   81.90   41.78  1229.2   77.63
51636   82.62   41.53  1013.7   73.90
51639   82.78   41.23   980.4   67.00
51642   84.25   41.78   976.1   70.53
51644   82.95   41.72  1099.0   72.04
51655   86.27   41.35   884.9   68.30
51656   86.13   41.75   931.5   71.62
51701   75.40   40.52  3504.4   57.83
51704   76.17   39.72  1297.9   61.62
51705   75.25   39.72  2175.7   62.23
51707   76.73   39.50  1208.6   65.42
51708   75.95   39.15  1324.3   74.53
51709   75.98   39.47  1288.7   69.32
51711   78.45   40.93  1984.9   52.03
51716   78.57   39.80  1116.5   60.39
51717   76.78   39.25  1206.3   64.77
51720   79.05   40.50  1161.8   69.68
51722   80.40   40.65  1044.2   73.70
51730   81.05   40.50  1012.2   67.91
51747   83.67   39.00  1099.3   57.70
51765   87.70   40.63   846.0   58.98
51777   88.17   39.03   888.3   69.65
51802   76.17   38.93  1297.5   66.20
51804   75.23   37.78  3090.9   53.30
51810   77.63   38.92  1177.6   69.60
51811   77.27   38.43  1231.2   64.93
51814   77.40   37.92  1360.4   55.27
51815   77.27   38.20  1274.7   65.08
51818   78.28   37.62  1375.4   60.50
51826   80.80   37.02  1336.5   55.53
51827   79.72   37.28  1326.0   65.37
51828   79.93   37.13  1374.6   53.47
51829   80.17   37.08  1347.9   63.70
51839   82.72   37.07  1409.3   54.13
51848   83.83   37.60  1262.8   60.11
51855   85.55   38.15  1247.5   59.80
51886   90.85   38.25  2944.8   36.70
51931   81.65   36.85  1422.0   61.50
52101   93.07   43.73  1637.6   68.67
52112   95.13   43.77   469.0   58.73
52118   94.70   43.27  1728.6   50.37
52203   93.52   42.82   737.2   67.54
52267  101.07   41.95   940.5   55.83
52313   94.67   41.53  1700.0   63.65
52323   96.88   41.58  1962.7   55.14
52343   99.92   41.93   965.6   47.50
52378  102.37   41.37   960.0   55.10
52418   94.68   40.15  1139.0   56.67
52424   95.92   40.50  1170.8   58.33
52436   97.03   40.27  1526.0   55.67
52441   98.70   40.72  1591.0   42.12
52446   99.52   40.30  1177.4   56.57
52447   98.90   40.00  1270.2   57.29
52495  104.80   40.17  1323.9   58.18
52515   94.88   39.52  2158.5   34.67
52533   98.48   39.77  1477.2   52.55
52546   99.83   39.37  1332.2   56.37
52557  100.17   39.15  1453.7   49.66
52575  102.70   39.30  1240.0   47.93
52576  101.68   39.22  1510.1   50.01
52602   93.38   38.83  2733.0   42.40
52607  105.13   38.05  1342.0   43.26
52633   98.42   38.80  3367.0   46.36
52643   99.62   38.83  2311.8   42.50
52645   99.58   38.42  3320.0   48.70
52652  100.43   38.93  1482.7   54.93
52656  100.82   38.45  2271.0   46.30
52657  100.25   38.18  2787.4   44.20
52661  101.08   38.80  1764.6   50.07
52674  101.97   38.23  1976.1   44.22
52679  102.67   37.92  1530.8   46.17
52681  103.08   38.63  1367.0   42.72
52707   93.68   36.80  2767.0   39.90
52713   95.37   37.85  3173.2   44.80
52737   97.37   37.37  2981.5   44.47
52745   99.03   37.30  3417.1   41.00
52754  100.13   37.33  3301.5   47.43
52765  101.62   37.38  2850.0   50.80
52784  102.90   37.48  2072.4   43.23
52787  102.87   37.20  3045.1   45.13
52788  103.53   37.20  2726.7   39.50
52797  104.05   37.18  1630.5   45.42
52815   95.30   36.80  2678.9   36.38
52818   94.90   36.42  2807.6   41.43
52825   96.42   36.43  2790.4   42.90
52833   98.48   36.92  2950.0   48.20
52835   97.80   36.07  2905.4   40.59
52836   98.10   36.30  3191.1   42.73
52842   99.08   36.78  3087.6   40.43
52853  100.98   36.92  3080.0   53.87
52854  100.27   36.62  3239.4   50.65
52855  101.23   36.68  2634.3   45.30
52856  100.62   36.27  2835.0   47.23
52862  101.68   36.95  2450.0   52.73
52863  101.95   36.82  2480.0   50.93
52866  101.77   36.62  2261.2   51.96
52868  101.43   36.03  2237.1   45.03
52869  101.57   36.52  2667.5   44.85
52874  102.38   36.48  1979.7   45.68
52875  102.10   36.50  2125.0   52.53
52876  102.85   36.32  1813.9   56.33
52877  102.27   36.10  2834.7   42.00
52881  103.18   36.98  2484.8   35.42
52884  103.93   36.35  1668.5   61.28
52885  103.25   36.75  2118.8   54.25
52889  103.88   36.05  1517.2   55.13
52895  104.68   36.57  1397.8   59.04
52896  104.18   36.55  1707.2   56.36
52908   93.08   35.22  4612.2   51.20
52941   99.98   35.88  3245.6   45.00
52943   99.98   35.58  3323.2   42.93
52955  100.75   35.58  3200.6   49.43
52957  100.65   35.27  3289.4   44.43
52963  102.03   35.93  2084.6   40.57
52968  101.47   35.03  3662.8   52.17
52972  102.55   35.83  1870.3   38.50
52974  102.02   35.52  2491.4   40.30
52978  102.52   35.20  2929.4   43.97
52980  103.30   35.97  1647.1   57.37
52981  103.40   35.67  2428.6   50.03
52982  103.57   35.48  1952.7   62.73
52983  104.15   35.87  1874.4   59.63
52984  103.18   35.58  1917.0   60.20
52985  103.35   35.43  2136.4   61.57
52986  103.87   35.37  1886.6   63.47
52988  103.72   35.37  2000.1   63.77
52993  105.08   35.68  2012.2   59.70
52995  104.62   35.58  1896.7   59.73
52996  105.00   35.38  2450.6   62.15
52998  104.23   35.13  2103.6   60.23
53068  111.97   43.65   964.7   64.36
53083  114.15   44.62  1181.6   71.56
53149  110.13   42.53  1225.2   59.50
53192  114.95   44.02  1126.1   75.33
53195  113.72   43.83  1111.4   72.70
53231  106.40   41.40  1509.6   65.95
53272  112.65   42.75  1101.7   64.13
53276  112.90   42.40  1150.8   61.27
53289  113.83   42.23  1322.1   70.67
53324  106.98   41.45  1648.9   55.97
53336  108.52   41.57  1288.0   66.03
53337  108.27   41.10  1022.7   63.93
53343  109.97   41.77  1612.2   69.43
53348  109.13   41.02  1078.7   59.43
53352  110.43   41.70  1376.6   62.47
53357  110.05   41.03  1360.4   61.49
53362  111.68   41.53  1490.1   61.67
53367  111.23   41.32  1602.3   69.53
53368  111.45   41.10  1595.0   59.85
53378  112.62   41.27  1747.8   69.57
53384  113.18   41.45  1423.5   63.10
53385  113.55   41.57  1385.2   59.79
53391  114.00   41.90  1482.7   65.44
53392  114.60   41.85  1422.4   74.17
53397  113.98   41.10  1376.5   65.57
53399  114.70   41.15  1393.3   62.47
53419  107.00   40.33  1055.1   56.33
53420  107.13   40.90  1056.7   54.50
53433  108.65   40.73  1020.4   57.62
53446  109.85   40.67  1067.2   64.52
53455  110.53   40.55   998.6   57.36
53457  110.03   40.40  1011.0   64.57
53463  111.68   40.82  1063.0   62.73
53464  111.15   40.68  1020.3   64.12
53466  111.70   40.80  1051.5   62.25
53467  111.18   40.27  1016.0   62.84
53469  111.80   40.38  1151.9   64.73
53472  112.57   40.87  1451.7   67.00
53475  112.52   40.52  1257.2   62.14
53478  112.45   40.00  1345.8   63.93
53480  113.07   41.03  1419.3   60.23
53481  113.22   40.80  1316.8   56.20
53483  113.87   40.88  1254.0   59.50
53484  113.15   40.45  1191.5   59.45
53486  113.77   40.37  1050.3   53.46
53487  113.33   40.10  1067.2   53.57
53488  113.58   40.03  1034.0   58.40
53490  114.05   40.43  1013.9   58.49
53491  114.40   40.68   801.0   48.43
53492  114.15   40.10   937.6   53.89
53498  115.03   40.57   629.3   50.93
53499  114.73   40.77   753.7   46.40
53502  105.75   39.78  1031.8   50.50
53505  105.38   39.08  1235.0   57.67
53512  106.82   39.68  1091.6   56.19
53513  107.42   40.75  1039.3   61.88
53517  106.33   39.27  1464.5   43.23
53518  106.37   39.00  1100.5   59.45
53519  106.77   39.22  1091.0   55.57
53522  107.85   40.05  1184.3   54.77
53529  107.98   39.10  1380.3   52.60
53533  108.73   39.85  1389.3   56.56
53543  109.98   39.83  1460.4   52.76
53545  109.73   39.57  1329.3   52.05
53547  109.03   39.10  1312.2   56.21
53553  110.87   39.67  1038.8   60.56
53562  111.67   39.92  1187.4   60.77
53564  111.15   39.38   861.5   56.35
53565  111.50   39.43  1051.7   59.91
53567  111.08   39.03   981.0   57.52
53573  112.70   40.00  1336.3   57.53
53574  112.27   39.52  1409.4   53.42
53575  112.20   39.10  1525.4   58.17
53576  112.82   39.50  1045.0   53.21
53577  112.30   39.00  1437.4   45.73
53578  112.43   39.30  1091.2   52.20
53579  112.90   39.02   859.7   47.07
53580  113.10   39.82  1044.6   49.94
53582  113.68   39.72  1092.1   57.83
53584  113.17   39.57  1000.7   55.32
53585  113.27   39.17   933.9   47.90
53588  113.53   39.03  2895.8   48.54
53590  114.27   39.75   977.8   54.51
53593  114.57   39.83   909.5   54.29
53594  114.18   39.45   938.1   48.82
53596  115.15   38.83    51.0   52.87
53599  114.67   39.35   844.1   45.50
53601  105.90   38.77  2901.0   47.40
53602  105.67   38.83  1561.4   45.90
53603  106.37   38.83  1095.0   57.00
53610  106.35   38.55  1106.5   58.82
53611  106.55   38.90  1099.0   60.57
53612  106.18   37.98  1128.8   41.27
53614  106.22   38.48  1111.4   56.67
53615  106.70   38.80  1101.6   55.03
53617  106.07   38.02  1126.7   48.70
53618  106.25   38.25  1116.7   54.40
53619  106.30   38.12  1115.9   54.07
53644  108.83   38.60  1307.2   49.37
53646  109.70   38.23  1057.5   48.13
53651  110.43   38.82   940.3   57.48
53658  110.48   38.03   894.4   54.09
53659  111.00   37.97  1163.3   55.49
53660  111.08   39.02   894.4   59.60
53662  111.58   38.72  1396.7   57.43
53663  111.82   38.92  1401.0   57.52
53664  111.13   38.47  1012.6   53.27
53665  111.65   38.28  1185.1   53.66
53666  111.93   38.35  1212.2   59.13
53669  111.78   38.07  1170.5   56.88
53673  112.72   38.73   828.2   40.83
53674  112.70   38.42   797.7   48.20
53676  112.98   38.50   759.1   54.09
53677  112.48   37.93   806.5   49.50
53678  112.67   38.07   897.0   58.10
53679  112.55   37.73   775.4   50.76
53680  114.38   38.30   108.9   58.87
53681  113.37   38.83  1096.2   56.79
53682  114.68   38.63   104.1   63.15
53685  113.42   38.07   953.2   44.77
53687  113.63   37.78   753.0   44.73
53688  114.55   38.45    95.8   54.25
53689  115.07   38.02    42.4   54.50
53690  114.18   38.85   281.9   43.40
53691  114.57   38.15    71.0   50.97
53692  114.98   38.73    65.9   50.44
53693  114.13   38.03   255.5   50.24
53694  114.20   38.30   136.0   53.88
53695  114.68   38.35    75.0   54.32
53696  115.00   38.52    54.8   58.20
53697  114.83   38.02    51.8   61.42
53698  114.43   38.07    81.8   55.00
53699  114.97   38.20    45.1   57.93
53704  105.18   37.53  1225.7   53.60
53705  105.67   37.48  1183.3   41.41
53707  105.25   36.93  1697.9   50.35
53723  107.40   37.78  1347.8   52.76
53725  107.58   37.58  1360.3   44.44
53727  107.12   37.17  1712.0   51.87
53730  107.48   38.18  1333.3   49.73
53732  108.72   37.85  1209.9   57.51
53735  108.80   37.62  1335.8   45.35
53738  108.18   36.83  1272.6   56.03
53740  109.23   37.93  1111.0   53.30
53748  109.70   37.18  1063.3   54.97
53750  110.17   37.77   872.0   57.61
53751  110.05   37.60   894.0   60.23
53753  110.88   37.43   860.1   58.27
53754  110.22   37.50   929.7   58.64
53756  110.72   37.52   752.5   58.98
53757  110.12   37.12   938.0   60.93
53759  110.82   37.00  1211.4   56.13
53760  111.23   37.88  1212.4   57.47
53763  112.17   37.92  1006.8   50.42
53764  111.10   37.50   950.8   58.93
53767  111.17   37.33  1213.1   57.43
53768  111.75   37.15   769.3   50.07
53769  111.77   37.23   765.0   47.68
53770  112.35   37.35   768.5   48.55
53771  112.05   37.45   760.3   55.65
53772  112.55   37.78   778.3   53.08
53773  114.62   36.33    64.8   63.89
53774  112.33   37.62   773.4   54.83
53775  112.58   37.42   799.6   51.95
53776  112.77   37.68   831.2   50.10
53777  112.15   37.53   759.3   59.17
53778  112.22   37.18   767.4   51.13
53780  113.17   37.88  1019.0   50.77
53781  114.47   36.87    67.9   65.64
53782  113.55   37.85   741.9   45.50
53783  113.70   37.60   876.2   48.57
53784  114.78   37.75    38.5   59.60
53785  114.68   37.50    35.0   65.86
53786  113.37   37.08  1130.8   56.23
53787  112.98   37.07  1041.4   54.23
53788  113.57   37.33  1265.7   49.74
53789  114.63   37.88    52.9   55.60
53790  114.62   37.60    48.5   63.73
53791  114.53   37.75    63.0   59.26
53792  114.48   37.45   113.0   58.41
53793  113.95   37.17   490.3   56.60
53794  114.75   37.35    33.1   64.25
53795  114.35   37.63   136.2   56.00
53796  114.88   37.62    30.1   66.53
53797  114.50   37.28    77.1   60.83
53798  114.50   37.07    76.8   57.98
53799  115.03   37.22    29.8   70.61
53806  105.65   36.57  1854.2   45.90
53810  105.90   36.98  1343.9   50.50
53817  106.27   36.00  1753.0   56.60
53821  107.30   36.58  1255.6   54.10
53829  107.90   35.98  1093.7   59.80
53832  108.77   36.77  1218.2   58.87
53841  109.32   36.88  1067.7   54.15
53845  109.50   36.60   958.5   49.57
53848  109.35   36.27  1005.5   59.70
53850  110.18   36.88   803.7   58.37
53852  110.63   36.77   916.6   53.23
53853  110.95   36.70  1052.7   57.15
53854  110.07   36.58   804.5   57.70
53856  110.75   36.47   765.9   53.56
53857  110.18   36.07   839.6   55.23
53859  110.67   36.10   851.3   52.09
53860  111.17   36.98  1408.7   53.25
53861  111.42   35.88   426.9   61.93
53862  111.80   36.85   811.7   56.37
53863  111.92   37.03   743.9   47.39
53864  111.10   36.40  1039.8   59.37
53865  111.55   36.65  1011.9   48.23
53866  111.67   36.23   462.8   58.93
53868  111.50   36.07   449.5   45.01
53869  111.72   36.58   566.9   58.46
53871  112.85   36.83   964.1   55.07
53872  112.68   36.77   960.7   56.97
53873  112.87   36.12   950.2   58.37
53874  111.92   36.27   661.8   57.30
53875  112.35   36.52  1000.0   57.37
53877  112.25   36.17   860.1   56.32
53878  113.38   36.52   767.9   49.30
53879  112.88   36.32   952.3   52.24
53880  113.23   36.33   947.6   54.07
53881  106.48   37.28  1381.7   40.41
53882  113.07   36.05   991.8   52.57
53883  114.70   37.13    35.9   67.64
53884  113.03   36.52   877.9   51.76
53885  113.20   36.13  1030.2   58.83
53886  113.67   36.57   470.2   50.70
53887  113.12   36.20   926.5   53.60
53888  113.43   36.20  1089.2   50.24
53889  113.82   36.07   306.8   63.97
53890  114.20   36.72   218.0   60.00
53891  114.68   37.00    41.5   64.57
53892  114.50   36.60    57.2   63.53
53893  114.95   36.77    39.6   67.98
53894  114.22   36.42   126.6   63.57
53895  114.50   36.77    59.9   59.77
53896  114.95   36.35    50.1   67.39
53897  114.38   36.38    69.7   69.47
53898  114.37   36.12    75.5   65.57
53899  114.97   36.48    48.5   68.82
53903  105.72   35.97  1916.5   63.77
53906  105.72   35.52  1652.8   59.87
53908  105.23   35.22  1768.2   66.17
53910  106.20   35.67  2840.3   52.90
53913  106.63   35.85  1478.8   56.25
53914  106.12   35.62  2078.6   61.43
53915  106.67   35.55  1346.6   52.47
53916  106.32   35.50  1948.6   54.52
53917  106.05   35.22  1615.1   63.10
53923  107.63   35.73  1421.9   53.53
53924  107.40   35.15  1375.6   67.36
53925  107.18   35.68  1172.0   58.73
53926  107.35   35.33  1028.8   64.50
53927  106.80   35.22  1334.2   69.82
53928  107.02   35.30  1148.4   57.53
53929  107.80   35.20  1206.5   60.25
53930  107.98   36.45  1269.2   59.07
53931  109.38   36.00   920.0   62.20
53934  108.02   35.82  1298.4   55.77
53935  108.35   35.50  1442.1   54.80
53937  108.00   35.42  1221.2   62.77
53938  108.30   35.17  1277.0   61.92
53941  109.58   35.18   804.4   48.88
53942  109.50   35.82  1158.3   53.73
53944  109.25   35.57   863.0   58.08
53945  109.07   35.43  1395.2   49.44
53946  109.82   35.60  1087.8   53.87
53947  109.07   35.08   978.9   56.20
53948  109.58   34.95   499.2   57.17
53949  109.92   35.18   679.1   49.63
53950  110.15   35.23   708.8   51.66
53953  110.85   35.97   964.3   51.30
53954  110.95   35.58   389.3   48.63
53955  110.45   35.47   458.1   55.23
53956  110.83   35.40   588.4   48.77
53957  110.72   35.62   459.2   47.63
53958  110.72   35.15   406.5   48.20
53959  111.02   35.03   376.0   57.83
53961  111.48   35.65   472.6   62.96
53962  111.70   35.73   584.5   57.90
53963  111.37   35.65   433.8   63.73
53964  111.22   35.62   430.8   60.10
53965  111.57   35.52   761.0   55.50
53966  111.83   35.98   817.2   54.07
53967  111.20   35.33   468.3   57.57
53968  111.80   35.17   484.1   50.09
53970  112.20   35.70   887.3   49.23
53972  112.92   35.12   119.6   54.85
53973  112.95   35.77   837.3   58.10
53974  114.18   35.62    72.1   63.62
53975  112.40   35.48   659.5   51.71
53976  112.83   35.47   742.9   48.67
53978  112.63   35.08   140.1   59.60
53979  113.05   35.18   129.0   58.05
53980  114.80   36.55    50.2   68.73
53981  113.27   35.78  1311.6   52.96
53982  113.27   35.23   112.0   50.81
53983  114.42   35.03    70.3   73.53
53984  113.42   35.23    85.2   62.87
53985  113.82   35.45    96.4   66.75
53986  113.88   35.32    72.7   61.21
53987  113.37   35.12    95.3   59.79
53988  113.67   35.27    77.1   63.50
53989  113.95   35.05    76.6   67.79
53990  114.17   35.90   176.3   60.85
53991  114.35   35.93    74.3   66.80
53992  114.55   35.68    61.5   65.90
53993  114.92   35.93    51.6   66.68
53994  114.07   35.38    69.9   58.52
53995  114.50   35.58    64.9   65.46
53996  114.70   36.45    56.7   64.71
53997  114.18   35.15    71.1   64.50
53998  114.65   35.20    61.4   68.10
54012  117.60   44.58   995.9   70.00
54024  119.30   44.45   670.0   52.03
54026  120.90   44.57   265.0   49.10
54027  119.40   43.98   483.4   47.67
54031  121.82   44.88   203.4   56.97
54039  122.02   44.03   181.6   60.87
54041  123.07   44.78   149.5   63.30
54047  123.30   44.13   144.9   66.58
54049  123.97   44.25   191.9   66.80
54063  126.00   44.97   196.6   71.87
54064  125.17   44.42   188.7   76.17
54065  125.67   44.53   185.3   71.90
54069  125.80   44.17   174.5   69.00
54072  126.53   44.83   204.0   71.37
54076  126.93   44.42   250.6   70.70
54080  127.15   44.90   194.6   74.80
54092  129.40   44.58   260.8   73.60
54093  130.55   44.93   266.3   70.40
54094  129.60   44.57   241.4   68.00
54096  131.15   44.38   496.7   68.57
54098  129.47   44.33   267.9   70.95
54099  131.18   44.10   116.9   61.57
54102  116.07   43.95   989.5   72.60
54113  118.65   43.53   621.4   51.93
54115  118.07   43.60   799.0   51.43
54117  117.53   43.25  1002.9   66.23
54122  120.05   43.88   373.8   54.97
54132  121.07   42.40   400.0   56.12
54134  121.28   43.60   241.0   56.70
54135  122.27   43.60   178.5   59.30
54142  123.53   43.50   114.9   66.80
54154  124.30   43.35   158.7   64.46
54155  124.23   43.67   144.2   65.00
54156  124.80   43.52   200.1   64.53
54157  124.33   43.18   164.2   66.67
54161  125.22   43.90   236.8   67.03
54164  125.28   43.35   248.1   72.32
54165  125.65   43.50   234.3   68.95
54169  126.02   43.30   271.6   71.80
54171  126.52   43.70   229.5   67.93
54172  126.47   43.95   183.4   68.13
54175  126.62   43.42   537.0   73.00
54181  127.33   43.70   295.0   72.00
54186  128.20   43.37   523.7   69.87
54187  128.92   43.12   366.6   64.67
54192  130.25   43.70   466.8   73.50
54195  129.77   43.33   241.7   67.73
54204  115.00   42.30  1346.3   73.83
54205  115.98   42.25  1300.1   69.89
54208  116.47   42.18  1245.4   70.13
54209  116.70   42.30  1323.0   79.53
54213  119.03   42.95   631.9   47.03
54214  118.42   42.58   960.0   53.77
54218  118.97   42.27   571.1   46.93
54223  120.65   42.85   362.9   56.43
54225  119.92   42.28   588.2   48.97
54226  120.70   42.33   400.5   48.87
54231  122.35   42.97   248.1   58.28
54234  121.78   42.73   284.1   55.40
54236  122.53   42.42    79.4   62.01
54237  121.65   42.03   144.0   57.47
54243  124.12   42.78   165.1   62.63
54244  123.33   42.75   118.6   61.90
54245  123.40   42.50    97.8   62.43
54248  123.53   42.03    61.6   70.16
54249  123.87   42.30    85.4   63.33
54252  124.75   42.73   196.1   70.60
54254  124.05   42.53    98.2   65.96
54259  124.95   42.10   237.1   72.73
54260  125.08   42.92   252.9   71.76
54261  125.45   42.68   341.5   70.93
54263  126.05   42.97   336.7   72.60
54266  125.63   42.53   339.9   69.16
54267  125.73   42.25   362.3   70.27
54273  126.75   42.98   263.3   72.07
54274  126.07   42.65   306.5   75.70
54276  126.82   42.35   549.2   72.90
54279  126.58   42.05   544.4   71.25
54284  127.57   42.10   774.2   68.37
54285  128.25   42.53   591.4   69.41
54286  129.00   42.53   475.6   59.97
54287  128.08   42.02  2623.0   54.50
54290  129.40   42.77   240.6   62.97
54291  130.28   42.90    36.5   60.33
54292  129.47   42.88   176.8   60.67
54293  129.83   42.95   140.6   57.93
54301  115.70   41.67  1410.3   70.73
54304  115.28   40.97  1246.7   62.57
54305  115.27   41.88  1468.9   72.37
54308  116.53   41.20   659.7   49.24
54311  117.75   41.93   842.3   54.27
54313  118.70   41.93   733.7   45.90
54316  118.75   41.52   679.3   43.59
54318  117.72   41.32   557.5   58.25
54319  118.67   41.00   502.3   55.84
54320  119.35   41.60   545.0   52.20
54321  119.63   41.87   661.8   51.40
54323  120.75   41.82   176.3   54.62
54324  120.45   41.55   168.7   52.36
54325  120.35   41.18   140.0   55.47
54326  119.70   41.38   421.7   48.30
54327  119.35   41.23   417.1   50.97
54328  119.72   41.08   296.8   51.30
54330  121.37   41.17    54.0   58.00
54331  121.73   41.58    68.0   52.64
54332  122.72   41.52    12.2   63.97
54333  122.83   41.98    30.7   61.06
54334  121.23   41.52    67.5   58.33
54335  122.08   41.68    37.5   58.18
54336  122.43   41.38     7.4   61.33
54337  121.12   41.13    65.9   57.50
54338  122.02   41.18     3.8   63.73
54339  123.00   41.08    77.3   56.83
54340  123.32   41.67    35.8   58.05
54342  123.43   41.77    41.6   63.76
54345  123.07   41.20    30.7   60.32
54346  123.78   41.32   185.2   64.08
54347  123.13   41.27    21.8   60.74
54348  123.33   41.42    36.8   68.43
54349  124.28   41.30   204.9   68.29
54351  124.08   41.92   118.5   68.64
54353  125.05   41.73   328.4   74.70
54362  125.75   41.67   372.5   77.27
54363  125.90   41.68   402.9   70.67
54365  125.35   41.27   240.3   74.35
54371  126.43   41.93   520.6   76.13
54374  126.92   41.72   332.5   76.86
54377  126.15   41.10   177.7   73.91
54386  128.17   41.35  1016.7   66.82
54398  116.65   40.15    38.5   49.68
54399  116.28   39.98    45.8   51.29
54401  114.88   40.78   724.2   45.72
54404  115.83   40.90   886.7   53.33
54405  115.50   40.40   536.8   41.70
54406  115.95   40.45   489.0   45.71
54408  115.22   40.38   529.6   41.28
54410  116.13   40.60  1224.7   45.22
54412  116.63   40.73   331.6   51.93
54416  116.83   40.38    71.6   49.27
54419  116.63   40.37    75.7   51.95
54420  117.33   40.93   535.1   54.17
54421  117.12   40.65   293.3   41.97
54423  117.83   40.97   375.2   58.40
54424  117.10   40.15    28.1   53.36
54425  117.48   40.42   582.3   56.20
54428  117.40   40.03    15.7   52.53
54429  117.95   40.20    54.9   51.86
54430  118.15   40.77   268.2   59.07
54431  116.63   39.92    43.3   45.00
54432  118.48   40.60   304.7   53.13
54433  116.48   39.95    35.3   45.74
54434  118.30   40.15   106.0   54.93
54436  118.88   40.40   227.2   56.59
54437  118.67   39.50    15.9   66.55
54438  118.87   39.88    54.8   58.38
54439  118.72   40.00    48.9   59.10
54449  119.62   39.85     1.8   62.21
54452  119.82   40.80   365.5   56.19
54453  120.83   40.77    23.9   57.77
54454  120.35   40.35    15.3   57.92
54455  120.70   40.58     8.8   58.18
54470  122.07   40.98     3.9   64.27
54471  122.27   40.67     3.3   69.51
54472  122.72   40.88    25.3   64.80
54474  122.35   40.42    24.8   59.58
54475  122.48   40.62    10.8   61.53
54476  122.15   40.17    20.4   64.10
54483  123.90   40.88   233.1   69.90
54486  123.28   40.28    79.3   64.17
54493  124.78   40.72   260.1   71.17
54494  124.07   40.47    72.6   64.46
54497  124.33   40.05    15.1   60.53
54499  116.22   40.22    74.9   39.39
54501  115.68   39.97   440.3   45.43
54502  116.03   39.48    29.3   56.59
54503  115.85   39.05    15.2   58.04
54504  115.17   39.43   531.7   56.09
54505  116.12   39.92    91.8   44.33
54506  115.85   39.33    28.3   56.92
54507  115.50   39.35    54.6   65.26
54510  116.98   39.88    15.5   49.40
54511  116.47   39.80    31.3   45.42
54512  116.28   39.43    22.2   55.65
54513  116.20   39.95    65.6   42.53
54514  116.25   39.87    55.2   49.23
54515  116.70   39.50    13.7   51.05
54517  117.07   39.08     2.5   56.10
54518  116.38   39.12     9.0   67.66
54519  116.48   39.32    14.0   59.96
54520  117.08   39.97    18.1   45.48
54521  116.98   39.77    12.6   53.55
54522  117.73   39.88    18.2   62.13
54523  117.10   39.40     6.1   57.33
54525  117.28   39.73     5.1   55.76
54526  117.42   39.07     4.2   60.35
54527  117.17   39.10     3.3   61.08
54528  117.13   39.23     3.4   58.98
54529  117.82   39.35     2.5   69.37
54530  117.77   39.23     1.3   63.53
54531  118.75   39.72    24.8   59.14
54532  118.10   39.80    33.9   57.71
54533  118.12   39.55     4.0   56.86
54534  118.15   39.67    27.8   65.89
54535  118.45   39.28     4.0   64.30
54539  118.90   39.42    10.5   62.80
54540  119.17   39.72    13.2   59.57
54541  119.23   39.88    21.4   58.19
54563  121.75   39.73    29.3   61.64
54568  121.70   39.08    15.0   62.83
54569  121.97   39.40    31.5   68.13
54575  122.37   39.42    43.2   62.38
54579  122.58   39.27    35.5   62.87
54584  122.95   39.72    34.8   61.30
54590  124.15   39.88     3.5   64.37
54594  116.33   39.75    40.1   54.20
54596  116.00   39.70    47.8   53.83
54597  115.73   39.73   407.7   40.84
54601  115.65   39.02    16.1   62.46
54602  115.52   38.85    17.2   59.84
54603  115.78   38.68    10.2   60.36
54604  115.33   38.42    29.6   61.13
54605  115.93   38.92    10.8   60.12
54606  115.75   38.25    20.9   67.08
54607  115.12   38.72    45.0   59.62
54608  115.55   38.00    26.1   61.12
54609  115.52   38.23    25.3   60.65
54610  116.10   38.73     8.1   60.97
54611  115.32   38.95    38.8   53.27
54612  116.45   38.87     6.4   68.08
54613  116.62   38.70     6.5   57.16
54614  116.10   38.43    12.1   71.73
54615  116.83   38.58     7.2   61.07
54616  116.83   38.33     9.6   65.64
54617  116.12   38.18    12.6   63.54
54618  116.55   38.08    13.2   65.30
54619  116.92   38.92     5.5   63.44
54620  115.57   38.48    18.5   63.00
54621  115.18   38.18    36.5   58.74
54622  117.37   38.98     3.7   57.97
54623  117.72   39.05     4.8   61.63
54624  117.35   38.37     6.6   68.56
54626  115.82   38.42    13.6   66.90
54627  117.23   38.03     7.7   67.07
54628  117.48   38.15     6.1   67.07
54631  115.15   37.07    31.9   64.04
54632  115.03   37.07    34.0   67.50
54633  115.23   37.52    25.3   67.99
54636  116.10   38.98    10.1   60.37
54640  114.87   36.92    36.0   63.10
54644  117.08   38.05     8.0   66.20
54645  117.50   38.83     4.2   60.15
54646  118.42   38.45    30.3   62.26
54660  121.23   38.82    66.7   64.23
54662  121.63   38.90    91.5   62.47
54700  115.98   38.03    17.5   64.50
54701  115.20   37.93    35.9   57.57
54702  115.70   37.73    20.7   63.54
54703  115.88   37.80    20.2   65.54
54704  115.55   37.58    21.8   70.01
54705  115.38   37.37    27.4   67.33
54706  115.67   37.08    31.5   63.85
54707  115.98   37.35    27.4   65.66
54708  115.72   37.52    24.1   63.20
54709  116.07   37.22    25.7   67.07
54710  116.17   37.87    18.3   63.72
54711  116.28   37.70    18.3   63.24
54712  116.87   37.18    17.6   66.16
54713  116.53   37.88    13.8   65.27
54714  116.32   37.43    21.2   64.57
54715  116.57   37.33    19.4   68.91
54716  116.80   37.65    16.3   66.67
54717  116.40   37.63    15.3   68.63
54718  116.43   37.15    21.8   66.20
54719  116.68   38.03    12.3   66.76
54722  117.58   37.77     8.2   66.11
54723  117.57   37.65    10.0   62.94
54724  117.17   37.33    14.9   72.55
54725  117.53   37.50    11.3   67.22
54726  117.18   37.72    11.5   68.58
54727  117.57   36.73    68.4   56.17
54728  117.38   37.77     8.4   67.86
54729  117.78   37.17    11.0   67.67
54730  118.12   37.68     6.4   67.82
54731  118.23   37.48    10.6   67.76
54732  118.52   37.87     5.6   67.95
54734  118.02   37.37    10.6   67.40
54736  118.67   37.43     6.0   66.45
54737  118.13   37.15     8.6   66.34
54738  118.35   37.05    15.0   66.87
54744  118.53   37.60     9.0   65.93
54749  119.93   37.18    48.4   66.17
54751  120.72   37.93    39.7   66.34
54752  120.75   37.82    32.6   62.93
54753  120.32   37.62     3.5   63.93
54755  120.38   37.35    84.0   69.76
54759  120.82   37.30   169.3   64.99
54764  121.25   37.50    32.6   63.93
54765  121.40   37.53    46.7   63.30
54766  121.42   37.38    10.5   67.92
54774  122.13   37.47    65.4   61.83
54776  122.68   37.40    47.7   65.20
54777  122.03   37.18    54.8   70.03
54778  122.38   37.17    37.6   69.72
54800  115.25   36.98    33.7   67.47
54801  115.48   36.85    34.8   68.14
54802  115.72   36.85    36.7   66.70
54803  115.95   36.95    33.1   70.20
54804  115.15   36.30    45.3   69.71
54805  115.45   36.48    40.2   66.90
54806  115.95   36.42    33.0   70.78
54807  115.80   36.13    40.8   65.96
54808  115.58   36.03    42.7   67.58
54809  115.28   36.55    41.3   67.80
54810  116.27   36.87    27.1   68.37
54811  116.63   36.93    20.6   72.03
54812  116.75   36.78    22.7   70.03
54814  116.22   36.58    31.0   65.39
54815  116.23   36.35    35.6   65.90
54816  116.73   36.60    41.4   61.50
54817  115.87   35.98    42.1   65.91
54818  116.43   36.28    39.1   64.92
54819  116.77   36.23   106.8   66.90
54820  115.17   36.82    36.7   66.72
54821  117.12   36.98    21.2   67.02
54822  117.73   36.90    24.1   61.35
54823  116.98   36.68    51.6   58.29
54824  117.95   36.63    95.0   63.52
54825  117.83   36.52   189.7   60.05
54826  117.10   36.25  1533.7   47.80
54827  117.15   36.17   128.8   64.14
54828  117.65   36.25   188.6   65.53
54829  117.87   36.82    44.6   64.65
54830  118.00   36.83    34.0   70.22
54831  118.47   36.70   110.5   66.06
54832  118.72   36.88    24.8   68.43
54833  117.92   36.97    18.2   65.33
54834  118.30   36.83    55.3   65.52
54835  118.55   36.50   106.5   60.79
54836  118.15   36.18   304.5   62.17
54837  118.83   36.70    72.6   69.76
54841  119.40   36.87     8.1   72.32
54842  119.95   36.77    49.8   71.77
54843  119.12   36.62    62.8   70.88
54844  119.17   36.42    63.9   67.21
54846  119.72   36.38    36.4   67.40
54848  119.37   35.98    65.7   67.43
54849  120.00   36.27    12.4   67.47
54851  120.48   36.87    55.2   73.63
54852  120.70   36.93    30.5   71.63
54853  120.42   36.15    16.8   65.56
54855  120.47   36.38    25.6   70.24
54857  120.33   36.07    76.0   67.17
54861  121.48   36.90    32.2   70.64
54863  121.17   36.77    65.2   65.37
54868  121.38   36.27    70.5   57.00
54871  122.43   36.87    33.7   65.23
54900  115.02   35.70    52.2   71.72
54901  115.18   36.07    47.9   72.57
54902  115.12   35.90    49.1   70.30
54903  115.48   35.92    47.8   70.63
54904  115.50   35.58    50.4   74.40
54905  115.92   35.60    45.6   66.56
54906  115.43   35.25    49.7   71.63
54907  116.65   34.98    34.3   74.58
54908  115.08   35.28    58.6   70.31
54909  115.58   35.07    48.7   66.74
54910  116.08   35.80    39.9   70.19
54911  116.30   35.90    39.9   68.64
54912  116.48   35.72    42.1   75.29
54913  116.80   35.75    60.3   68.23
54914  116.10   35.42    40.5   69.78
54915  116.58   35.43    40.7   69.73
54916  116.85   35.57    51.7   70.10
54917  116.30   35.10    36.6   70.98
54918  116.98   35.60    66.7   67.03
54919  117.00   35.42    78.1   61.94
54920  117.27   35.65   109.9   65.37
54921  116.43   35.45    37.0   68.85
54922  117.73   35.90   198.1   64.67
54923  117.92   35.72   201.6   65.40
54925  117.62   35.50   167.2   65.00
54927  117.13   35.12    65.4   68.37
54929  117.95   35.25   120.9   64.57
54932  118.67   35.80   159.9   66.30
54935  118.45   35.55   116.7   64.20
54936  118.83   35.58   107.4   70.33
54938  118.35   35.05    87.9   66.00
54939  118.83   35.25   113.8   68.17
54940  119.20   35.75   148.2   64.53
54943  120.00   35.88    10.4   66.95
54945  119.53   35.38    13.8   63.90
55228   80.08   32.50  4278.0   37.33
55248   84.42   32.15  4414.9   39.12
55279   90.02   31.38  4700.0   37.03
55294   91.10   32.35  4800.0   38.20
55299   92.07   31.48  4507.0   39.63
55437   81.25   30.28  3900.0   41.00
55472   88.63   30.95  4672.0   32.20
55493   91.10   30.48  4200.0   47.06
55569   87.60   29.08  4000.0   20.33
55572   89.10   29.68  4000.0   24.38
55578   88.88   29.25  3836.0   20.52
55585   90.17   29.43  3809.4   29.00
55589   90.98   29.30  3555.0   39.47
55591   91.13   29.67  3648.7   26.35
55593   91.73   29.85  3804.0   29.95
55597   91.68   29.03  3741.0   23.00
55598   91.77   29.25  3551.7   33.03
55655   85.97   28.18  3810.0   38.23
55664   87.08   28.63  4300.0   32.47
55680   89.60   28.92  4040.0   28.25
55681   90.40   28.97  4431.7   24.71
55690   91.95   27.98  4280.0   62.72
55696   92.47   28.42  3860.0   48.30
55773   89.08   27.73  4300.0   51.20
56004   92.43   34.22  4533.1   48.20
56016   95.60   33.85  4179.1   49.40
56018   95.30   32.90  4066.4   47.17
56021   95.78   34.13  4175.0   50.87
56029   97.02   33.02  3681.2   44.20
56033   98.22   34.92  4272.3   56.40
56034   97.13   33.80  4415.4   58.97
56038   98.10   32.98  4200.0   44.87
56041   99.20   34.27  4211.1   66.06
56043  100.25   34.47  3719.0   46.61
56045   99.90   33.97  4050.0   58.13
56046   99.65   33.75  3967.5   50.73
56065  101.60   34.73  3500.0   53.80
56067  101.48   33.43  3628.5   54.50
56071  102.50   34.58  3105.2   48.38
56074  102.08   34.00  3471.4   43.51
56075  102.32   34.03  3362.7   47.25
56079  102.97   33.58  3439.6   56.16
56080  102.90   35.00  2910.0   47.55
56081  103.35   34.70  2810.2   47.90
56082  103.50   34.58  2540.3   52.40
56084  103.22   34.07  2400.0   49.65
56091  104.45   34.85  1881.8   60.37
56092  104.65   35.00  1727.8   62.90
56093  104.02   34.43  2315.0   58.33
56094  104.37   33.78  1400.0   53.43
56095  104.38   34.03  1753.2   57.67
56096  104.92   33.40  1079.1   50.50
56097  104.23   33.27  1406.8   53.18
56106   93.78   31.88  4022.8   40.15
56109   93.78   31.48  3940.0   37.96
56116   95.60   31.42  3873.1   41.66
56125   96.48   32.20  3643.7   38.23
56128   96.60   31.22  3810.0   37.67
56137   97.17   31.15  3306.0   29.03
56144   98.63   31.83  3201.2   31.86
56146  100.00   31.62  3393.5   38.27
56147   98.83   31.22  3260.0   36.13
56151  100.75   32.93  3530.0   48.63
56152  100.33   32.28  3893.9   54.98
56158  100.67   31.40  3250.0   36.20
56164  100.98   32.27  3284.8   46.44
56167  101.12   30.98  2957.2   42.17
56168  102.07   31.48  2168.9   54.18
56171  101.70   32.90  3275.1   51.14
56172  102.23   31.90  2664.4   44.93
56173  102.55   32.80  3491.6   53.90
56178  102.35   31.00  2369.2   42.41
56180  103.85   31.68  1590.1   66.53
56181  103.67   30.63   533.5   85.07
56182  103.57   32.65  2850.7   50.43
56183  103.58   31.47  1325.6   64.57
56184  103.17   31.43  1887.5   58.54
56185  102.98   32.08  2400.1   51.97
56186  104.20   31.33   589.0   79.89
56187  103.83   30.70   539.3   86.94
56188  103.67   30.98   706.7   82.67
56189  103.93   30.98   581.7   76.87
56190  104.42   31.65   599.6   79.45
56192  104.67   32.95  1014.3   56.80
56193  104.58   32.42   876.5   71.23
56194  104.47   31.83   638.9   75.00
56195  104.73   31.78   531.1   78.87
56196  104.68   31.47   470.8   81.33
56197  104.18   31.13   533.8   82.75
56198  104.38   31.15   499.2   82.93
56199  104.68   31.03   423.5   84.30
56202   93.28   30.67  4488.8   52.90
56223   95.83   30.75  3640.0   37.38
56227   95.77   29.87  2736.0   53.22
56228   96.92   30.05  3260.0   31.50
56247   99.10   30.00  2589.2   25.39
56251  100.32   30.93  3000.0   35.79
56257  100.27   30.00  3948.9   34.67
56263  101.88   30.88  1949.7   43.03
56267  101.02   30.03  2600.9   35.15
56269  101.75   30.15  3460.8   44.89
56272  103.88   30.82   558.5   86.10
56273  102.82   30.38  1009.7   71.43
56276  103.80   30.43   461.0   86.50
56278  102.77   30.07   755.6   84.80
56279  102.93   30.15   682.7   83.90
56280  103.12   30.08   691.3   83.17
56281  103.52   30.20   508.1   82.47
56284  103.48   30.42   501.4   84.82
56285  103.52   30.60   525.5   77.84
56286  104.25   30.55   515.1   84.33
56287  103.00   29.98   627.6   78.83
56288  103.92   30.58   494.6   86.69
56289  103.87   30.20   437.0   81.36
56290  104.15   30.83   507.0   85.47
56291  104.28   30.97   473.5   83.83
56294  104.02   30.67   506.1   84.79
56295  104.55   30.38   448.5   81.87
56296  104.43   30.85   448.4   80.18
56297  104.15   30.02   436.5   76.03
56298  104.65   30.12   357.0   85.17
56307   92.58   29.15  3260.0   37.03
56312   94.33   29.67  2991.8   46.77
56317   94.22   29.22  2950.0   56.22
56331   97.83   29.67  3780.0   46.02
56342   98.60   29.68  3870.0   44.86
56357  100.30   29.05  3727.7   39.97
56371  102.23   29.92  1321.2   50.82
56373  102.85   29.78   763.2   77.13
56374  101.97   30.05  2615.7   60.35
56376  102.68   29.35   795.9   61.27
56378  102.35   29.23   874.3   57.96
56380  103.37   29.92   461.6   84.83
56381  103.52   30.02   496.2   83.47
56382  103.60   29.73   407.1   81.68
56383  103.83   29.83   393.8   84.77
56384  103.48   29.60   446.7   82.40
56385  103.33   29.52  3047.4   76.24
56386  103.75   29.57   424.2   82.47
56387  103.27   29.23   642.2   75.20
56389  103.95   29.20   387.6   81.59
56390  104.07   29.67   404.4   80.96
56391  103.82   30.05   411.0   81.92
56393  104.85   29.77   369.4   79.71
56394  104.43   29.45   384.1   82.67
56395  104.67   29.52   351.1   81.57
56396  104.77   29.35   352.6   83.03
56399  104.98   29.18   306.2   82.01
56434   97.47   28.65  2327.6   49.21
56441   99.28   28.72  2422.9   37.00
56443   99.80   28.93  2842.0   34.73
56444   98.92   28.48  3319.0   53.93
56449   99.73   28.02  3554.2   70.00
56459  101.27   27.93  2426.5   38.50
56462  101.50   29.00  2987.3   42.11
56473  102.77   28.95  1060.3   52.90
56474  102.17   28.55  1774.0   62.40
56475  102.55   28.62  1661.6   69.07
56478  102.50   28.27  1800.0   63.30
56479  102.85   28.00  2132.4   74.69
56480  103.55   28.83   541.2   77.41
56483  103.95   28.60   413.1   78.00
56485  103.58   28.27  1255.8   84.26
56487  103.27   28.38  2082.7   69.50
56489  103.63   28.23   877.2   70.27
56490  103.90   28.95   396.9   82.84
56491  104.38   29.10   335.5   87.22
56492  104.60   28.80   340.8   85.56
56493  104.97   28.85   292.8   83.03
56494  104.10   28.63   825.9   79.69
56496  105.23   28.32   358.2   85.10
56497  104.25   28.07   484.3   79.53
56498  104.52   28.17   458.0   81.65
56499  104.78   28.38   368.2   83.70
56533   98.67   27.75  1583.3   67.57
56543   99.70   27.83  3276.1   57.20
56548   99.28   27.17  2325.6   50.15
56565  101.52   27.43  2545.0   44.47
56567  100.85   27.30  2240.5   56.36
56569  102.18   27.42  1380.0   54.64
56571  102.27   27.90  1590.9   56.70
56575  102.55   27.37  1428.0   60.29
56578  102.75   27.07   993.6   61.83
56580  102.80   27.72  2460.0   69.34
56582  103.90   27.75  1176.2   80.77
56584  103.25   27.70  1452.0   65.27
56585  103.53   27.18  1916.0   79.20
56586  103.72   27.35  1949.5   74.45
56592  104.52   28.43   359.7   81.41
56593  104.92   28.58   276.1   87.40
56594  104.05   27.63   880.4   66.13
56595  104.85   27.42  1666.7   84.80
56596  105.05   27.85  1177.2   85.43
56598  104.73   27.13  1535.1   81.48
56641   98.87   26.90  1189.7   73.10
56643   98.85   25.87   910.0   58.10
56645   99.42   26.42  2344.9   64.87
56646   99.92   26.53  2191.1   56.26
56649   99.97   26.12  2069.0   63.39
56651  100.43   26.87  2393.2   46.27
56652  100.75   26.68  2130.0   56.65
56654  100.18   26.58  2197.2   54.63
56664  101.27   26.63  1244.8   59.82
56665  101.85   26.68  1140.3   67.27
56666  101.72   26.58  1190.1   59.46
56669  101.67   26.05  1531.3   61.31
56670  102.12   26.90  1103.9   67.08
56671  102.25   26.65  1787.1   62.78
56673  102.92   26.92   840.7   49.75
56674  101.73   26.50  1108.0   58.87
56675  102.58   26.65  1694.5   69.08
56684  103.28   26.42  2109.5   61.79
56688  103.17   26.10  1254.1   47.47
56691  104.28   26.87  2237.5   81.83
56693  104.87   26.58  1814.8   85.09
56697  104.08   26.22  1983.5   69.83
56739   98.50   25.02  1654.6   70.53
56741   98.82   25.98  1792.0   56.00
56742   99.37   25.90  1658.5   63.83
56745   99.95   25.68  1626.1   66.48
56746   99.52   25.47  1616.4   73.77
56748   99.17   25.12  1653.5   70.33
56751  100.18   25.70  1990.5   60.70
56752  100.57   25.83  1438.4   52.72
56755  100.48   25.35  1659.6   60.03
56756  100.58   25.48  2002.9   58.54
56757  100.28   25.27  1741.1   69.60
56761  101.32   25.72  1878.1   56.66
56763  101.87   25.73  1118.4   53.01
56764  101.23   25.53  1873.0   65.70
56766  101.52   25.33  1768.5   70.26
56767  101.28   25.18  1858.5   73.63
56768  101.53   25.02  1772.0   68.93
56772  102.50   25.23  1692.2   72.57
56774  102.42   25.53  1710.2   74.57
56775  102.43   25.58  1669.4   73.10
56777  102.07   25.15  1565.5   72.18
56778  102.68   25.02  1891.4   70.17
56781  103.27   25.48  1869.0   65.35
56782  103.55   25.42  2036.8   68.70
56783  103.80   25.50  1906.2   64.32
56785  103.03   25.33  1919.7   69.87
56786  103.83   25.58  1898.7   68.07
56788  103.67   25.03  1840.5   71.50
56790  104.25   25.67  1898.9   79.69
56792  104.97   25.78  1649.4   87.33
56793  104.62   25.78  1515.2   81.93
56835   97.95   24.37   966.7   81.46
56836   97.95   24.70   826.7   73.88
56838   97.85   24.02   776.6   82.44
56839   98.97   24.07  1008.4   81.53
56840   98.30   24.82  1012.9   74.35
56841   98.67   24.60  1527.1   83.37
56842   99.18   24.73  1468.2   66.10
56843   99.62   24.83  1659.3   77.17
56844   98.58   24.43   913.8   79.63
56846   99.90   24.60  1587.8   70.10
56849   99.23   24.03  1606.2   63.27
56851  100.53   25.05  1403.8   61.07
56854  100.13   24.45  1108.6   66.64
56856  100.87   24.47  1162.3   79.20
56862  101.60   24.68  1968.1   71.26
56863  102.48   24.93  1848.0   74.12
56867  101.12   23.88  1247.5   80.33
56869  101.97   24.07  1497.2   74.17
56870  102.17   24.67  1575.4   75.70
56871  102.62   24.68  1891.4   70.97
56872  102.62   24.95  2358.3   71.37
56873  102.90   24.67  1746.2   71.93
56875  102.55   24.35  1636.5   71.12
56876  102.77   24.28  1730.7   72.63
56878  102.75   24.12  1806.0   73.31
56879  102.92   24.20  1608.4   74.47
56880  103.17   24.92  1532.1   74.33
56881  103.27   24.73  1679.8   69.56
56882  102.80   24.88  1906.6   71.78
56883  103.98   24.83  1844.2   79.27
56885  103.45   24.40  1415.2   74.13
56886  103.77   24.53  1704.3   78.28
56889  104.18   24.05  1451.5   78.30
56891  104.32   24.98  1482.7   88.77
56898  102.40   24.18  1538.6   75.52
56944   99.27   23.15  1278.3   75.57
56945   99.08   23.57   511.4   83.80
56946   99.40   23.55  1104.4   76.90
56948   99.45   22.73  1897.9   78.55
56949   99.62   22.33   950.0   81.09
56950   99.80   23.47  1044.1   75.43
56951  100.08   23.88  1502.4   67.09
56952  100.70   23.50   913.2   82.74
56954   99.93   22.57  1054.8   76.75
56958  100.42   21.92  1176.3   83.85
56959  100.78   22.00   582.0   82.63
56961  101.28   23.03  1320.0   79.40
56962  101.72   23.43  1281.9   78.37
56964  100.97   22.78  1302.1   73.95
56966  101.98   23.60   400.9   68.93
56969  101.57   21.48   631.9   85.63
56970  102.48   23.70  1418.6   74.03
56973  102.83   23.62  1308.8   69.20
56975  102.43   23.37   974.5   74.10
56976  102.75   23.17  1542.6   68.87
56977  102.13   22.52  1119.5   85.21
56978  102.42   23.00  1642.8   76.73
56982  103.25   23.70  1050.9   68.43
56984  103.15   23.38  1692.1   75.58
56985  103.38   23.38  1300.7   68.03
56986  103.68   22.98  1414.1   87.27
56987  103.23   22.78  1260.0   80.61
56989  103.95   22.50   136.7   82.57
56991  104.33   23.62  1561.1   79.97
56992  104.68   23.45  1473.5   82.77
56994  104.25   23.38  1271.6   74.03
56995  104.42   23.03  1332.9   82.50
56996  104.70   23.13  1094.4   86.07
57001  105.33   34.75  1271.4   65.20
57002  105.67   34.87  1222.5   67.47
57003  106.83   34.90   924.2   59.09
57004  104.88   34.73  1495.0   59.48
57006  105.75   34.58  1141.7   60.25
57007  105.18   34.18  1403.8   62.21
57008  105.30   34.03  1576.8   68.37
57011  106.15   34.75  1377.9   72.27
57012  106.47   34.92  1880.0   60.81
57014  105.88   34.55  1083.4   62.86
57016  107.13   34.35   612.4   58.20
57019  106.92   34.25  1423.9   72.20
57020  107.40   34.37   563.0   63.23
57021  107.13   34.65   751.6   62.53
57022  107.78   34.68  1071.2   61.27
57023  108.10   35.03   840.7   58.93
57024  107.65   34.45   669.6   61.20
57025  107.38   34.52   781.1   56.98
57026  107.90   34.40   582.7   60.81
57027  107.73   34.27   517.6   58.68
57028  107.32   34.03  1543.1   62.05
57029  108.48   34.50   543.2   56.11
57030  108.15   34.70   994.6   54.90
57031  108.55   34.82  1012.7   58.20
57032  108.20   34.10   433.1   65.13
57033  108.82   34.55   427.4   55.79
57034  108.22   34.25   447.8   65.43
57035  108.23   34.55   636.0   57.03
57036  108.93   34.30   397.5   60.36
57037  108.98   34.93   710.0   53.53
57038  108.45   34.28   410.9   68.57
57039  108.92   34.15   438.0   66.62
57040  109.08   34.52   377.6   66.53
57041  108.92   34.63   424.0   67.08
57042  109.18   34.78   470.9   57.91
57043  109.97   34.80   351.4   61.87
57044  109.23   34.40   425.2   60.53
57045  109.48   34.52   349.8   66.30
57046  110.08   34.48  2064.9   48.17
57047  109.32   34.17   540.2   66.30
57048  108.72   34.40   472.8   57.24
57049  109.73   34.52   341.5   70.09
57051  111.20   34.80   409.9   56.07
57052  110.45   34.88   354.1   58.70
57053  110.72   34.70   505.7   62.60
57054  110.23   34.55   556.3   54.57
57055  110.08   34.55   351.3   68.44
57056  110.85   34.53   474.0   61.27
57057  110.15   34.10   963.4   62.53
57060  111.23   35.17   402.9   64.24
57061  111.20   34.83   410.7   57.69
57063  111.77   34.77   505.8   52.86
57065  112.18   34.50   194.9   52.33
57066  111.67   34.38   328.3   52.55
57067  111.03   34.05   568.8   58.88
57070  112.15   34.72   253.0   53.17
57071  112.43   34.83   323.3   51.60
57072  112.78   34.92   116.6   60.29
57073  112.47   34.63   137.1   59.06
57074  112.42   34.42   197.3   62.15
57075  112.83   34.18   212.9   57.25
57076  112.82   34.72   115.1   58.52
57077  111.63   33.78   750.1   56.30
57078  112.47   34.15   336.5   52.93
57079  113.08   34.95   108.0   55.00
57080  112.97   34.73   165.2   51.64
57081  113.43   34.80   139.8   56.87
57082  113.02   34.47   427.1   53.98
57083  113.65   34.72   110.4   56.96
57084  113.05   34.50  1178.4   47.47
57085  113.37   34.55   288.0   54.00
57086  113.72   34.38   116.6   63.78
57087  113.80   34.20    87.7   63.50
57088  113.50   34.15   116.1   63.59
57089  113.83   34.02    71.9   70.79
57090  114.02   34.72    78.6   57.88
57091  114.38   34.77    72.5   61.23
57093  114.82   34.85    71.5   69.07
57094  114.20   34.40    66.7   66.43
57095  114.18   34.12    59.4   68.15
57096  114.78   34.53    59.7   68.80
57098  114.40   34.08    58.3   69.82
57099  114.85   34.07    52.6   70.67
57102  105.72   33.75   970.0   72.43
57105  105.60   33.33  1221.2   75.31
57106  106.15   33.32   794.2   65.49
57110  106.08   33.78   930.8   72.67
57111  106.30   33.92  1040.0   68.47
57113  106.53   33.90   985.9   59.67
57119  106.70   33.17   548.1   73.05
57123  108.07   34.28   506.0   48.55
57124  106.93   33.63  1032.1   65.38
57126  107.55   33.22   468.6   79.37
57127  107.03   33.07   509.5   78.64
57128  107.33   33.17   486.4   83.07
57129  107.72   32.98   446.0   78.49
57131  108.97   34.43   410.0   60.83
57132  108.62   34.12   414.8   69.45
57134  107.98   33.53  1087.7   61.33
57137  108.32   33.32   802.4   75.59
57140  109.12   33.67   818.2   62.27
57143  109.97   33.87   742.2   56.37
57144  109.15   33.43   693.7   64.10
57153  110.30   33.70   612.0   53.65
57154  110.90   33.53   523.0   62.20
57155  109.87   33.55   660.2   57.39
57156  111.50   33.30   250.3   67.86
57162  112.08   34.15   326.5   57.54
57169  111.87   33.05   159.1   76.47
57171  113.28   33.72    84.7   60.92
57173  112.88   33.75   145.7   68.57
57175  112.23   33.05   191.4   72.19
57176  112.43   33.48   198.3   74.00
57177  113.53   33.33    89.8   66.07
57178  112.58   33.03   129.2   74.40
57179  113.00   33.28   160.4   75.04
57180  113.20   33.98   117.5   61.03
57181  113.05   33.88   136.4   64.22
57182  113.50   33.85    80.5   70.85
57183  113.92   33.80    60.0   75.22
57184  113.35   33.63    85.4   69.62
57185  113.58   33.45    91.1   77.46
57186  114.00   33.58    60.8   71.51
57187  112.93   33.07   122.0   76.79
57188  114.00   33.38    59.9   68.67
57189  113.98   33.15    64.6   76.07
57190  114.40   33.75    50.5   68.14
57191  114.48   34.48    63.4   67.04
57192  114.85   33.73    45.5   74.29
57193  114.52   33.78    52.6   68.17
57194  114.27   33.28    59.8   72.76
57195  114.62   33.62    46.6   68.25
57196  114.88   33.45    43.3   76.90
57197  114.33   33.00    48.9   78.66
57198  114.62   33.55    46.3   70.80
57204  105.23   32.58   801.0   75.97
57206  105.80   32.43   487.0   65.00
57208  105.47   32.02   694.8   70.83
57211  106.25   32.83   858.4   78.93
57213  106.93   33.00   536.5   84.57
57216  106.83   32.35   579.3   71.54
57217  106.28   32.23   485.7   75.50
57231  108.53   32.53   503.8   76.73
57232  108.27   33.05   484.9   75.04
57233  108.50   32.90   413.1   73.80
57237  108.03   32.07   674.0   66.70
57238  107.90   32.53   693.9   74.03
57242  109.37   32.85   439.6   69.23
57245  109.03   32.72   290.8   72.72
57247  108.90   32.32   438.5   70.03
57248  109.33   32.40   569.9   76.98
57249  109.68   32.32   448.2   78.70
57251  110.42   33.00   249.1   71.50
57253  110.82   32.85   201.9   74.74
57254  110.12   32.82   322.5   73.90
57256  110.78   32.65   286.5   70.18
57257  110.23   32.23   307.0   76.87
57259  110.77   32.03   426.9   73.40
57260  111.52   32.57   133.4   73.20
57261  111.50   33.13   194.5   67.70
57265  111.67   32.38    90.0   74.45
57268  111.63   32.27    86.6   79.08
57271  112.38   32.55    87.9   75.98
57273  112.85   32.68   109.5   73.10
57274  112.08   32.70   111.9   80.85
57278  112.17   32.03    68.6   73.63
57279  112.75   32.15   125.5   72.73
57281  113.30   32.70   142.2   77.21
57285  113.38   32.37   145.2   75.62
57290  114.02   33.00    82.7   71.20
57292  114.63   32.95    41.0   77.04
57293  114.98   32.73    38.0   72.33
57294  114.03   32.80    84.4   70.68
57295  114.35   32.62    78.5   71.87
57296  114.73   32.35    48.9   81.04
57297  114.05   32.13   114.5   69.91
57298  114.55   32.22    55.4   76.66
57299  114.90   32.02    49.4   74.15
57303  105.92   31.73   459.9   73.87
57304  105.15   31.65   484.3   77.20
57306  105.97   31.58   382.6   80.77
57307  105.08   31.10   377.8   81.51
57308  105.38   31.22   421.3   81.93
57309  105.88   30.98   361.2   86.40
57313  106.75   31.85   358.7   81.26
57314  106.07   31.35   405.7   84.13
57315  106.40   31.53   655.7   77.67
57317  106.42   31.03   324.9   86.70
57318  106.55   31.08   336.9   88.94
57320  107.23   31.93   400.8   80.53
57324  107.10   31.57   378.3   84.72
57326  107.72   31.37   389.4   80.45
57328  107.50   31.20   344.9   81.05
57329  107.85   31.08   451.1   86.33
57333  108.67   31.95   798.2   78.90
57338  108.43   31.20   165.7   83.49
57339  108.90   30.97   205.5   78.00
57343  109.53   31.90   995.8   72.28
57345  109.62   31.40   337.8   76.13
57348  109.50   31.05   607.3   71.85
57349  109.87   31.07   270.6   71.33
57351  111.00   30.83   206.6   74.20
57352  111.00   30.80   185.3   71.12
57353  111.00   30.83   191.8   67.75
57355  110.40   31.07   294.5   72.80
57358  110.97   30.83   295.5   72.97
57359  110.77   31.23   275.5   76.27
57361  111.33   31.97   327.3   74.65
57362  110.67   31.75   935.2   67.27
57363  111.83   31.78   106.8   77.57
57368  111.63   31.07   115.0   76.55
57370  112.23   31.72    65.8   76.63
57377  112.20   31.05   111.2   68.97
57378  112.57   31.17    65.8   75.75
57381  113.38   31.72    96.2   76.11
57385  113.82   31.62    93.3   69.41
57386  114.00   31.25    51.6   64.25
57387  113.12   31.02    66.7   75.74
57388  113.70   31.27    53.7   72.10
57389  113.75   31.03    33.2   75.50
57390  114.07   31.80   710.0   63.37
57395  114.12   31.57    74.9   70.58
57396  114.85   31.63   128.7   74.96
57398  114.62   31.28    74.3   73.83
57399  115.02   31.18    59.3   77.53
57401  105.38   30.87   331.1   83.80
57402  105.70   30.77   394.5   85.14
57405  105.58   30.50   278.2   85.60
57407  105.03   30.28   462.6   84.37
57408  105.35   30.12   338.4   84.23
57409  105.80   30.18   297.7   88.19
57411  106.08   30.80   297.7   86.00
57413  106.97   30.85   295.1   89.27
57414  106.45   30.55   379.7   86.49
57415  106.63   30.47   331.6   86.75
57416  106.93   30.33   356.7   86.47
57417  106.28   30.35   315.9   85.63
57420  107.25   30.80   398.4   89.77
57425  107.37   30.37   416.5   86.50
57426  107.80   30.68   454.5   87.23
57431  108.35   30.83   257.0   83.79
57432  108.40   30.77   186.7   86.90
57437  108.03   30.30   231.3   87.80
57438  108.12   30.00   571.6   80.34
57439  108.93   30.28  1074.1   81.48
57445  109.72   30.60   609.2   84.43
57447  109.47   30.28   457.1   85.00
57451  110.23   30.78  1819.3   83.47
57453  111.32   30.77   115.2   74.62
57458  110.67   30.20   619.9   77.20
57460  111.78   30.82    91.8   77.26
57461  111.30   30.70   133.1   75.80
57462  111.08   30.87   139.9   74.26
57464  111.18   30.47   142.6   79.47
57465  111.45   30.38    74.1   75.67
57466  111.75   30.43    50.0   75.73
57469  111.77   30.18    69.5   71.46
57475  112.83   30.43    34.7   76.47
57476  112.18   30.33    32.6   80.43
57477  112.22   30.07    38.4   74.47
57481  113.57   30.95    30.4   75.63
57482  113.95   30.90    25.3   77.27
57483  113.17   30.67    34.1   76.06
57485  113.43   30.37    28.6   75.73
57486  113.85   30.65    25.0   78.34
57489  114.00   30.58    38.4   78.25
57491  114.40   30.87    31.4   74.36
57492  114.80   30.83    26.4   77.57
57493  114.32   30.35    41.3   74.37
57494  114.07   30.63    23.3   82.72
57495  114.88   30.67    28.1   69.50
57496  114.87   30.37    31.3   75.27
57498  114.83   30.45    34.1   75.63
57499  114.97   30.10    39.7   76.13
57502  105.70   29.70   394.7   86.87
57503  105.12   29.62   349.7   86.47
57504  105.05   29.58   347.1   84.24
57505  105.60   29.42   328.5   87.10
57506  105.90   29.37   315.6   82.41
57507  105.30   29.33   373.4   83.04
57508  105.45   28.98   322.2   86.88
57509  106.93   28.95   325.3   86.28
57510  106.05   29.85   282.9   84.87
57511  106.45   29.85   240.8   86.63
57512  106.28   29.97   230.6   87.61
57513  106.63   29.72   439.1   82.20
57514  106.23   29.58   291.3   81.00
57515  106.48   29.52   351.1   83.67
57516  106.47   29.58   259.1   78.86
57517  106.25   29.32   208.6   80.34
57518  106.53   29.38   206.6   86.40
57519  107.08   29.15   559.5   83.70
57520  107.07   29.83   377.6   81.27
57522  107.42   29.75   273.0   86.63
57523  107.68   29.87   218.0   81.95
57525  107.75   29.32   277.9   81.77
57536  108.78   29.53   607.3   79.80
57537  108.17   29.30   322.2   77.20
57540  109.15   29.68   776.9   82.83
57541  109.48   30.00   532.5   85.13
57543  110.03   29.90   539.8   81.17
57544  109.45   29.47   486.4   76.97
57545  109.42   29.52   459.5   79.44
57554  110.17   29.40   322.2   78.33
57558  110.47   29.13   183.5   73.97
57562  111.37   29.58   116.9   77.24
57564  111.13   29.43   100.0   74.73
57565  111.75   29.65    40.2   79.70
57566  111.65   29.45    51.5   75.06
57571  112.38   29.70    35.7   74.81
57573  112.83   29.83    29.5   76.33
57574  112.40   29.37    36.0   77.66
57575  112.57   29.52    31.0   75.22
57577  112.17   29.40    36.9   71.80
57581  113.45   29.82    26.3   76.97
57582  113.88   29.72    46.9   77.43
57583  113.92   29.98    36.0   77.43
57584  113.08   29.38    51.6   75.30
57585  113.45   29.48    60.4   75.59
57586  114.03   29.53    78.5   71.02
57589  113.80   29.25   101.0   78.24
57590  114.33   29.83    63.9   78.57
57595  114.50   29.60    76.1   76.03
57596  114.20   29.63   751.4   60.50
57598  114.58   29.03   146.8   77.80
57600  105.07   28.73   275.0   87.26
57602  105.43   28.88   334.8   87.14
57603  105.83   28.82   283.4   85.73
57604  105.38   28.78   367.3   87.33
57605  105.82   28.03   537.7   78.93
57606  106.83   28.13   972.0   77.27
57608  105.43   28.17   377.5   85.42
57609  105.70   28.58   293.0   88.37
57612  106.65   29.02   254.8   86.37
57614  106.22   28.33  1180.2   85.23
57622  107.45   28.88  1905.9   92.57
57623  107.60   28.88   685.6   73.31
57625  107.45   28.55   679.7   78.07
57633  108.77   28.80   663.7   75.73
57634  107.88   28.52   660.3   75.60
57635  108.98   28.45   363.7   77.63
57636  108.50   28.57   334.6   72.87
57637  108.12   28.25   539.6   79.00
57640  109.45   28.58   341.0   79.83
57642  109.63   28.70   325.3   78.23
57643  109.83   29.00   268.2   75.50
57646  109.95   28.62   302.1   79.00
57647  109.18   28.15   406.1   76.98
57649  109.73   28.32   206.6   79.11
57655  110.40   28.47   151.6   69.15
57657  110.15   28.28   130.5   72.10
57658  110.20   28.02   142.5   74.80
57661  111.48   28.92    48.7   80.37
57662  111.68   29.05    35.0   76.43
57663  111.95   28.92    31.9   80.37
57666  112.13   28.52    52.1   79.60
57669  111.22   28.38   128.3   79.26
57671  112.37   28.85    36.0   75.70
57673  112.88   28.68    53.2   79.33
57674  112.38   28.57    46.3   76.57
57678  112.55   28.25    74.7   74.24
57679  113.08   28.20    44.9   77.23
57680  113.07   28.80    46.7   79.43
57682  113.57   28.72   106.3   80.41
57687  112.92   28.22    68.0   78.17
57688  113.63   28.15    96.1   82.17
57694  114.38   28.53   259.8   80.65
57696  114.78   28.40    91.7   83.20
57698  114.45   28.12    98.4   80.95
57699  114.92   28.23    67.7   78.10
57707  105.28   27.30  1510.6   84.40
57708  105.60   27.15  1700.0   91.06
57710  106.42   27.82   877.1   83.03
57712  106.95   27.73   983.5   82.00
57713  106.88   27.70   843.9   77.27
57714  106.23   27.47   920.0   81.20
57717  106.82   27.53   953.3   82.79
57718  106.73   27.10  1038.1   85.60
57719  106.97   27.07  1275.6   86.88
57720  107.17   27.95   865.9   80.12
57722  107.47   27.77   791.8   80.03
57723  107.72   27.98   710.2   76.75
57728  107.47   27.07  1095.9   82.66
57729  107.88   27.23   622.1   78.82
57730  108.18   27.75   420.6   80.67
57731  108.25   27.95   416.3   74.90
57732  108.40   28.02   456.5   76.73
57734  108.23   27.57   467.5   77.61
57735  108.72   27.23   380.0   79.37
57736  108.85   27.70   369.2   77.53
57737  108.13   27.03   523.5   77.50
57738  108.42   27.05   516.3   76.10
57739  108.88   27.23   376.0   80.45
57740  109.60   27.95   349.6   76.29
57741  109.18   27.72   283.5   73.53
57742  109.20   27.52   884.3   78.82
57743  109.80   27.88   176.6   77.40
57744  109.17   27.37   355.5   77.77
57745  109.68   27.45   272.2   78.60
57746  109.97   27.55   254.1   79.20
57749  110.00   27.57   257.8   73.62
57752  110.60   27.92   204.0   74.27
57754  110.15   27.35   170.9   80.92
57758  110.58   27.07   323.5   79.17
57760  111.43   27.70   249.2   77.53
57761  111.30   27.75   211.9   76.10
57762  111.68   27.70   149.6   78.70
57763  112.00   27.73   151.5   73.33
57765  110.42   27.33  1404.9   80.89
57766  111.47   27.23   248.6   76.36
57767  111.03   27.12   265.6   77.84
57768  111.45   27.32   242.5   76.33
57769  111.73   27.23   252.6   76.80
57771  112.53   27.93    88.3   76.75
57772  112.50   27.75    86.9   77.27
57773  112.82   27.87    63.8   80.67
57774  112.17   27.45   100.0   77.40
57776  112.70   27.30  1265.9   79.77
57777  112.87   27.23    63.3   77.80
57778  112.95   27.10    68.8   78.70
57779  113.35   27.00   102.5   81.37
57780  113.15   27.83    57.5   77.90
57781  113.50   27.65    74.4   82.72
57786  113.85   27.65   117.5   80.90
57789  113.95   27.13   182.0   79.23
57792  114.68   27.82    93.7   78.83
57793  114.38   27.80   131.3   77.24
57796  114.93   27.80    82.0   76.47
57798  114.60   27.40    84.7   76.30
57799  114.92   27.08    78.0   77.33
57800  105.37   26.77  1457.1   85.47
57803  106.02   27.03  1251.8   83.90
57805  105.70   26.65  1319.0   83.74
57806  105.92   26.25  1392.9   83.00
57807  105.47   26.20  1361.9   83.60
57808  105.75   26.32  1250.0   77.53
57809  105.77   26.05  1274.1   79.74
57811  106.60   26.85  1240.5   86.68
57813  106.47   26.57  1261.9   83.73
57814  106.27   26.42  1298.2   83.87
57816  106.72   26.58  1071.2   83.32
57818  106.45   26.03  1140.0   77.59
57821  107.50   26.70   925.0   78.94
57822  107.90   26.90   835.0   81.09
57823  107.78   27.00   683.7   82.18
57824  107.23   26.58  1001.0   81.32
57825  107.98   26.60   720.3   77.20
57826  107.78   26.65   918.0   83.58
57827  107.52   26.27   785.0   85.02
57828  107.58   26.50   983.8   82.24
57829  107.80   26.20   963.2   82.34
57832  108.67   26.97   610.5   80.84
57834  108.30   26.68   641.3   78.42
57835  108.63   26.48   511.1   78.23
57837  108.07   26.40   839.0   80.70
57839  109.15   26.23   568.8   81.18
57840  109.20   26.90   401.4   81.46
57841  109.67   26.57   322.5   82.90
57842  109.68   26.88   281.4   79.67
57844  109.18   26.68   343.0   82.77
57845  109.78   26.17   397.5   74.60
57846  110.15   26.58   310.3   71.62
57851  110.85   26.45   305.7   80.53
57853  110.63   26.73   341.0   78.37
57857  110.32   26.37   477.7   76.41
57859  110.63   26.03   408.4   76.50
57860  111.27   27.00   278.4   81.82
57865  111.57   26.42   109.0   76.47
57866  111.62   26.23   172.6   78.61
57867  111.28   26.40   169.0   76.47
57868  111.87   26.60   113.2   77.33
57870  112.10   26.80   151.6   74.23
57871  112.37   26.98    89.8   74.97
57872  112.60   26.90   103.2   74.53
57874  112.40   26.42   116.6   78.73
57875  112.50   26.88    70.4   79.35
57876  112.85   26.40    84.3   80.43
57881  113.25   26.72   101.8   76.84
57882  113.55   26.78   135.2   79.79
57883  113.97   26.72   263.1   81.83
57886  113.78   26.50   224.5   85.28
57887  113.12   26.13   123.9   82.97
57889  113.95   26.08   835.9   80.73
57891  114.25   26.93   153.0   82.81
57894  114.17   26.58   843.0   85.07
57895  114.78   26.47   101.6   79.76
57896  114.50   26.33   126.1   81.09
57899  114.92   26.80    71.4   77.97
57900  105.22   25.83  1552.7   87.23
57902  105.18   25.43  1378.5   83.50
57903  105.60   25.93  1083.2   81.63
57905  105.63   25.40  1040.0   86.08
57906  106.08   25.18   566.8   75.57
57907  104.90   25.08  1299.6   85.90
57908  105.48   25.12  1394.5   85.04
57909  105.82   24.98   584.8   78.86
57910  106.08   25.77  1197.6   80.23
57911  106.62   26.68  1280.1   82.78
57912  106.63   26.13   990.9   78.73
57913  106.98   26.45  1087.3   78.62
57914  106.67   26.42  1095.4   82.45
57915  106.70   26.63  1105.1   79.65
57916  106.77   25.43   440.3   73.37
57921  107.32   25.83   708.4   77.27
57922  107.55   25.83  1013.3   81.57
57923  107.87   25.98   419.0   75.17
57926  107.88   25.42   428.7   70.42
57927  107.17   25.00   248.2   74.64
57932  108.53   25.97   285.7   77.80
57936  108.90   25.58   250.0   78.35
57941  109.60   25.78   197.3   76.00
57942  110.00   25.80   267.5   77.77
57947  109.40   25.22   121.3   72.50
57948  109.25   25.08   122.7   74.73
57949  110.00   24.98   156.8   73.60
57954  110.18   25.23   157.5   67.73
57955  110.67   25.62   224.0   71.24
57956  110.32   25.42   168.2   67.08
57957  110.30   25.32   164.4   61.96
57958  110.32   25.08   170.2   76.21
57960  111.07   25.93   195.6   70.94
57962  111.65   25.97   167.8   78.57
57964  111.15   25.50   263.1   75.03
57965  111.60   25.53   192.2   73.95
57966  111.95   25.60   205.2   77.03
57969  111.33   25.27   227.2   74.83
57971  112.20   25.92   218.8   76.95
57972  113.03   25.80   184.9   79.57
57973  112.72   25.75   329.1   80.27
57974  112.37   25.58   214.5   78.27
57975  112.20   25.38   277.0   78.90
57976  112.95   25.42   222.8   75.11
57978  112.55   25.28   292.0   76.12
57981  113.22   25.98   139.3   82.49
57985  113.68   25.57   609.8   79.87
57988  113.35   25.15   102.8   76.26
57989  113.73   25.10    98.0   81.46
57990  114.30   25.70   245.3   78.20
57991  114.55   25.80   140.7   74.45
57992  114.75   25.67   127.0   76.97
57993  114.95   25.85   123.8   73.29
57994  114.35   25.40   215.6   75.17
57995  114.93   25.40   164.2   74.67
57996  114.32   25.13   133.8   72.49
58001  115.10   34.43    56.3   74.14
58002  115.55   34.82    48.7   70.50
58003  115.88   34.95    45.4   73.00
58004  115.15   34.65    60.6   68.70
58005  115.67   34.45    50.1   71.20
58006  115.88   34.38    46.3   75.71
58007  115.30   34.07    47.2   71.60
58008  115.33   34.47    54.4   69.87
58011  116.07   34.80    46.2   65.24
58012  116.58   34.68    39.6   69.97
58013  116.92   34.72    35.8   72.45
58015  116.35   34.42    43.3   75.94
58016  116.97   34.18    34.7   72.30
58017  116.13   34.25    40.8   77.66
58020  117.13   34.85    35.4   68.11
58021  117.25   34.78    44.7   68.57
58022  117.80   34.77    61.3   68.10
58024  117.58   34.87    75.9   65.43
58025  117.73   34.57    27.6   71.97
58026  117.95   34.30    23.1   73.08
58027  117.30   34.28    43.0   69.70
58028  117.37   34.32    34.3   71.89
58030  118.10   34.90    46.5   68.39
58032  118.65   34.93    70.1   72.29
58034  118.37   34.62    37.2   72.31
58035  118.35   34.35    28.2   71.23
58036  118.73   34.52    34.7   72.37
58038  118.75   34.10     8.0   73.73
58040  119.13   34.83     2.1   69.61
58041  119.43   34.78    26.9   65.93
58044  119.17   34.58     5.0   74.41
58045  119.60   34.22     3.2   74.57
58046  119.78   34.48     4.6   75.42
58047  119.23   34.30     4.0   74.76
58048  119.35   34.10     4.5   74.59
58049  119.82   34.03     3.3   74.69
58100  115.18   33.63    41.4   70.27
58101  115.48   33.88    40.5   74.31
58102  115.77   33.87    37.7   73.50
58104  115.07   33.40    41.2   74.04
58107  115.25   33.07    36.3   78.02
58108  115.37   33.27    37.8   77.62
58109  115.62   33.18    33.0   74.00
58111  116.38   33.93    31.9   71.27
58112  116.45   30.73   968.2   67.35
58113  116.78   33.93    31.7   71.83
58114  116.23   33.50    30.0   72.47
58116  116.82   33.98    33.5   70.69
58117  116.22   33.15    27.7   82.08
58118  116.55   33.28    26.7   76.52
58122  116.98   33.63    25.9   72.13
58125  117.55   33.55    23.9   77.78
58126  117.87   33.47    19.5   73.73
58127  117.20   32.97    18.6   80.13
58128  117.30   33.32    19.3   75.72
58129  117.88   33.13    16.2   74.93
58130  118.07   33.88    21.7   71.55
58131  118.23   33.95    26.2   70.66
58132  118.72   33.70    14.5   70.35
58135  118.22   33.45    15.8   74.83
58138  118.62   33.05    13.4   76.08
58139  118.85   33.30    19.5   75.77
58140  119.27   33.78     9.5   75.39
58141  119.02   33.63    14.4   67.80
58143  119.80   33.80     2.1   72.95
58144  119.03   33.60    17.5   75.67
58145  119.17   33.53     7.2   72.72
58146  119.82   33.48     1.8   74.24
58147  119.03   33.03    10.1   75.39
58148  119.30   33.23     4.1   72.30
58150  120.25   33.77     2.0   75.97
58151  120.13   33.38     2.3   71.40
58154  120.15   33.38     1.9   74.57
58158  120.48   33.20     3.1   76.91
58202  115.58   32.63    31.4   80.76
58203  115.73   32.87    32.7   79.44
58205  115.42   32.45    29.7   75.99
58207  115.03   32.15    41.9   75.30
58208  115.67   32.17    57.1   74.08
58210  116.27   32.62    24.6   79.51
58212  116.73   32.72    22.0   77.17
58214  116.28   32.33    32.9   70.49
58215  116.78   32.55    22.7   77.27
58220  117.15   32.47    28.1   78.24
58221  117.37   32.95    21.0   73.90
58222  117.55   32.87    26.7   76.80
58223  117.98   32.78    34.9   77.58
58224  117.02   32.65    32.6   73.31
58225  117.67   32.53    72.3   78.02
58230  118.27   32.08    31.5   74.43
58234  118.42   32.47    40.4   75.83
58235  118.83   32.35    12.2   77.55
58236  118.30   32.30    25.3   73.40
58237  118.62   32.05     8.9   70.87
58238  118.80   32.00     8.9   73.64
58240  119.02   32.68    20.8   73.59
58241  119.45   32.80     5.4   74.60
58242  119.17   32.28    10.5   74.11
58243  119.83   32.93     3.0   75.53
58244  119.57   32.45     5.5   80.39
58245  119.42   32.42     9.9   74.95
58246  119.93   32.50     5.5   77.58
58247  119.82   32.25     4.8   73.43
58248  119.47   32.22    26.4   73.97
58249  120.00   32.17     4.4   73.66
58250  120.15   32.52     5.4   70.18
58251  120.30   32.85     6.3   77.46
58252  119.47   32.18    27.3   69.71
58254  120.45   32.53     4.5   70.52
58255  120.50   32.38     5.1   75.86
58257  120.27   32.00     3.8   73.65
58259  120.85   32.02     5.3   74.30
58264  121.18   32.33     3.6   76.83
58265  121.60   32.07     5.5   77.49
58268  121.08   32.10     4.3   75.90
58269  121.67   31.80     4.4   76.15
58301  115.38   31.80    78.1   75.60
58305  115.63   31.52   177.7   79.20
58306  115.88   31.68    95.4   75.51
58311  116.50   31.75    60.5   73.10
58314  116.32   31.40    68.1   79.69
58316  116.95   31.47    22.0   77.27
58317  116.37   30.87   434.2   72.57
58319  116.95   31.07    85.4   74.27
58320  117.13   31.73    21.8   77.83
58321  117.23   31.87    27.9   79.39
58323  117.47   31.87    26.1   79.08
58326  117.87   31.62    22.4   73.70
58327  117.28   31.25    20.2   78.37
58329  117.90   31.30    17.2   76.93
58330  118.12   31.72    18.0   75.73
58331  118.37   31.73    22.5   72.09
58333  118.85   31.95    22.1   76.22
58334  118.35   31.33    14.8   75.37
58335  118.50   31.57     9.3   76.32
58336  118.52   31.70    23.4   72.87
58337  118.18   31.08    26.8   77.63
58338  118.58   31.15    21.1   77.67
58339  118.88   31.32    14.0   77.03
58340  119.03   31.67    16.4   78.85
58341  119.53   31.98     7.6   72.32
58342  119.55   31.75     9.1   76.62
58343  119.95   31.77     9.2   72.27
58344  119.17   31.95    26.1   76.43
58345  119.48   31.43     7.0   75.11
58346  119.82   31.37     6.5   80.76
58349  120.63   31.27     4.8   68.91
58351  120.30   31.90     4.2   71.46
58352  120.73   31.65     4.2   71.87
58353  120.55   31.87     6.8   71.36
58354  120.32   31.58     5.6   71.78
58356  120.95   31.42     4.2   73.26
58357  120.63   31.32     5.8   77.57
58358  120.43   31.07    17.5   77.32
58359  120.63   31.17     4.5   71.40
58360  121.20   31.90     4.5   74.65
58361  121.37   31.10     5.5   69.45
58362  121.45   31.40     5.5   71.36
58365  121.25   31.37     4.4   73.73
58366  121.45   31.62     4.1   74.67
58367  121.43   31.17     4.5   70.77
58369  121.75   31.05     4.2   76.02
58370  121.53   31.23     4.4   69.14
58377  121.12   31.43     6.0   75.20
58401  115.40   30.78   105.8   77.40
58402  115.67   30.73   123.8   75.97
58404  115.25   30.45    48.5   76.80
58407  115.05   30.25    19.6   76.13
58408  115.43   30.23    35.1   76.32
58409  115.93   30.07    20.3   75.03
58414  116.30   30.45    71.0   73.20
58415  116.58   30.63    36.2   71.97
58416  116.65   30.42    15.3   70.02
58417  116.13   30.17    54.7   73.67
58418  116.70   30.13    26.1   77.30
58419  117.02   30.10    17.6   78.80
58420  117.22   30.72    38.9   71.10
58421  117.87   30.63    31.0   79.88
58423  117.78   30.48   647.3   70.60
58424  117.05   30.53    19.8   72.40
58426  118.13   30.30   193.4   77.31
58427  117.48   30.67    35.0   74.83
58428  117.48   30.22    64.7   78.02
58429  117.78   30.97    37.5   75.47
58431  118.32   30.92    12.8   80.77
58432  118.40   30.68    36.3   80.02
58433  118.75   30.93    31.2   77.80
58435  118.53   30.30   220.2   71.69
58436  118.97   30.62    89.4   78.07
58437  118.15   30.13  1840.4   57.57
58438  118.58   30.08   191.1   71.30
58441  119.42   30.88    48.5   78.23
58442  119.18   31.13    12.0   77.17
58443  119.88   30.98     8.5   75.66
58445  119.42   30.35  1496.9   66.71
58446  119.68   30.65    20.4   76.63
58448  119.73   30.30   138.6   74.16
58449  119.95   30.05    46.5   79.24
58450  120.08   30.85     3.0   76.42
58451  120.90   30.85     4.3   70.87
58452  120.73   30.78     4.8   77.60
58453  120.63   30.00     7.0   74.01
58454  120.07   30.53    33.3   73.46
58455  120.68   30.52     7.3   76.10
58456  120.53   30.63     6.8   72.68
58457  120.17   30.23    41.7   71.69
58458  120.93   30.52     5.8   75.33
58459  120.32   30.20     8.0   73.00
58460  121.17   30.90     4.3   76.05
58461  121.12   31.15     3.7   72.25
58462  121.25   31.00     3.8   69.19
58463  121.45   30.93     5.0   75.50
58464  121.10   30.63     5.4   79.96
58467  121.17   30.27     7.1   75.16
58468  121.15   30.07    13.4   74.29
58472  122.45   30.73    79.6   72.66
58473  122.82   30.73   124.6   69.09
58474  122.05   30.63    54.4   60.75
58477  122.10   30.03    35.7   70.80
58484  122.20   30.25    37.1   71.23
58500  115.20   29.85    45.8   74.57
58501  115.50   29.87    20.0   77.57
58502  116.00   29.73    36.1   77.24
58503  115.67   29.68    23.6   74.45
58506  115.98   29.58  1164.5   67.30
58507  115.12   29.25   116.0   75.37
58508  115.77   29.33    41.3   74.13
58509  115.82   29.05    36.6   71.64
58510  116.23   29.73    40.1   75.27
58512  116.55   29.90    71.3   71.71
58514  116.05   29.45    37.1   67.68
58517  116.20   29.27    35.5   74.97
58519  116.68   29.00    40.1   74.37
58520  117.83   29.92   140.4   76.55
58523  117.93   29.93   227.5   74.73
58527  117.20   29.30    61.5   74.17
58529  117.85   29.27    80.9   77.71
58530  118.43   29.87   168.7   74.83
58531  118.28   29.72   142.7   77.83
58534  118.18   29.78   170.5   78.33
58537  118.40   29.17   155.3   77.98
58542  119.68   29.82    45.4   76.37
58543  119.02   29.62   171.4   71.03
58544  119.27   29.48    88.9   75.60
58546  119.88   29.47    83.7   75.29
58547  119.18   29.03    66.2   71.92
58548  119.47   29.22    50.2   71.85
58549  119.65   29.12    62.6   69.56
58550  120.25   29.70    11.9   74.15
58553  120.88   30.03    17.8   79.32
58555  120.88   29.52   113.9   74.34
58556  120.82   29.60   104.3   72.73
58557  120.07   29.32    74.3   72.36
58558  120.30   29.28    93.8   68.29
58559  120.98   29.17    58.3   74.74
58561  121.60   29.98     4.0   61.00
58562  121.57   29.87     4.2   72.97
58563  121.75   29.97    24.1   71.89
58565  121.42   29.67     7.9   71.86
58566  121.88   29.47     6.0   61.80
58567  121.43   29.30    25.0   73.29
58568  121.37   29.12     6.2   72.16
58569  121.95   29.20   128.4   69.17
58570  122.30   29.95    85.2   73.72
58600  115.37   28.87    78.9   77.17
58601  115.38   28.70    52.5   76.60
58602  115.55   28.85    38.8   76.12
58605  115.38   28.42    46.8   74.90
58606  115.92   28.60    46.7   69.11
58607  115.95   28.55    31.9   70.22
58608  115.55   28.07    30.4   75.62
58609  115.75   28.22    25.7   79.43
58612  116.68   28.70    20.5   75.21
58614  116.27   28.38    33.2   78.90
58615  117.08   28.68    55.5   77.63
58616  116.82   28.20    39.8   79.86
58617  116.37   28.00    47.3   80.88
58618  116.60   28.23    50.6   78.80
58619  116.37   28.00    49.3   68.20
58620  117.13   28.97    34.5   78.98
58622  117.58   28.95    88.5   78.00
58623  117.92   28.47    90.6   71.29
58624  117.43   28.40    70.0   75.08
58625  117.60   28.42    79.0   75.13
58626  117.22   28.30    51.2   77.74
58627  117.03   28.25    55.8   72.69
58629  117.70   28.32    55.1   76.07
58631  118.50   28.90   137.0   73.30
58632  118.63   28.75    95.3   72.94
58633  118.87   28.97    66.9   75.80
58634  118.25   28.68   116.3   75.23
58635  118.20   28.43    95.3   75.13
58637  117.98   28.45   118.2   75.01
58642  119.80   28.88   105.1   78.77
58643  120.03   28.90    92.5   71.77
58644  119.28   28.60   237.8   76.13
58646  119.92   28.45    60.8   74.10
58647  119.13   28.08   198.4   75.62
58652  120.73   28.87    50.0   70.00
58653  120.92   28.82  1373.9   82.64
58654  120.08   28.67   182.0   76.48
58656  120.95   28.12     6.2   71.33
58657  120.28   28.15    57.1   70.17
58658  120.68   28.15    34.3   66.13
58659  120.67   28.02     6.0   67.29
58660  121.13   28.85     7.7   70.00
58664  121.37   28.37    35.3   70.13
58665  121.42   28.63     1.3   65.50
58666  121.90   28.45    86.2   72.97
58667  121.27   28.08    95.9   68.17
58693  115.83   28.70    40.0   70.23
58701  115.40   27.77    45.3   80.33
58704  115.17   27.57    56.4   80.87
58705  115.42   27.33    85.7   80.61
58706  115.83   27.43   185.8   80.33
58707  115.13   27.22    62.3   78.77
58710  116.05   27.77    78.6   85.13
58712  116.78   27.92   130.2   79.13
58713  117.07   27.72   225.1   82.34
58714  116.22   27.55    90.6   81.84
58715  116.65   27.58    80.8   76.41
58718  116.53   27.22   111.5   77.36
58719  116.93   27.30   131.1   81.25
58724  117.30   27.52   265.4   82.35
58725  117.47   27.33   218.0   79.37
58726  117.83   27.95  1414.0   81.82
58730  118.03   27.77   222.1   74.23
58731  118.53   27.92   276.9   78.63
58734  118.12   27.33   196.9   79.87
58735  118.80   27.52   205.4   75.38
58736  118.82   27.37   221.5   77.57
58737  118.32   27.05   154.9   80.80
58742  119.55   28.12   163.0   77.80
58744  119.42   27.45   815.9   74.59
58745  119.07   27.62   353.5   78.71
58746  119.70   27.57   500.8   75.61
58747  119.35   27.15   899.3   74.58
58748  119.65   27.10    50.5   68.58
58749  119.90   27.25   670.4   77.53
58750  120.08   27.78   141.9   71.64
58751  120.57   27.68     5.5   74.84
58752  120.62   27.80     5.7   70.60
58754  120.20   27.33    36.2   69.57
58760  121.15   27.83    68.6   69.10
58765  121.20   27.63    41.6   75.79
58804  115.35   26.35   151.0   77.33
58806  116.02   26.48   209.1   73.27
58813  116.33   26.85   143.8   79.79
58814  116.35   26.35   229.4   77.03
58818  116.63   26.23   358.9   76.41
58819  116.85   26.20   310.6   77.67
58820  117.17   26.90   342.9   81.18
58821  117.47   26.73   156.6   80.93
58822  116.85   26.83   342.3   80.77
58823  117.80   26.80   175.2   77.11
58824  117.15   26.40   357.4   76.18
58826  117.80   26.40   120.6   79.83
58828  117.62   26.27   215.0   74.29
58834  118.17   26.65   125.6   71.86
58836  118.73   26.58   361.5   75.57
58837  118.15   26.17   125.7   79.22
58839  118.85   26.23    40.8   68.92
58843  120.00   26.88    12.2   74.00
58844  119.15   26.15    57.8   71.50
58845  119.53   26.50    60.5   74.79
58846  119.52   26.67    32.4   70.64
58847  119.28   26.08    84.0   66.09
58848  119.53   26.20     6.2   73.73
58850  120.23   26.92    92.2   49.67
58853  120.70   27.00   106.6   79.36
58903  115.98   25.78   192.7   78.67
58905  115.42   25.97   132.4   75.03
58906  115.80   25.60   167.4   76.59
58907  115.40   25.15   305.0   78.83
58911  116.37   25.85   310.0   75.24
58912  116.75   25.72   380.0   75.53
58917  116.07   25.15   265.0   71.60
58918  116.42   25.05   198.0   71.97
58921  117.35   25.97   206.0   77.80
58923  117.83   25.70   400.1   76.73
58926  117.42   25.30   205.3   73.34
58927  117.02   25.05   376.0   68.22
58928  117.53   25.02   166.5   71.47
58929  118.15   25.07    68.0   70.18
58931  118.10   25.72  1653.5   76.50
58932  118.93   25.87    85.6   73.23
58933  118.98   26.92   869.5   78.77
58934  118.27   25.33   170.3   72.64
58935  118.23   25.48   521.4   73.90
58936  118.70   25.37    77.7   69.28
58938  118.98   25.23    23.1   64.89
58940  119.33   26.08    25.6   62.52
58941  119.50   25.97     4.1   69.09
58942  119.38   25.72    39.2   68.70
58944  119.78   25.52    32.4   73.13
58946  119.00   25.45    81.1   67.90
59001  105.33   24.78   672.2   82.60
59004  105.10   24.50   725.9   79.83
59007  105.07   24.07  1249.6   78.56
59012  106.57   24.78   971.6   81.87
59015  106.57   24.35   438.0   79.33
59017  106.23   24.28   277.5   79.24
59021  107.03   24.55   485.1   76.41
59022  107.55   24.98   697.9   78.47
59023  108.05   24.70   213.9   76.21
59025  107.37   24.52   286.5   77.07
59027  107.25   24.13   254.9   77.14
59031  108.25   24.85   205.5   76.86
59033  108.90   24.78   328.8   73.70
59034  108.83   24.50   150.8   79.23
59037  108.10   23.93   170.8   72.05
59038  108.65   24.07   138.0   75.42
59041  109.23   24.65   108.2   73.53
59044  109.37   24.47    97.6   77.00
59045  109.75   24.48    94.7   69.12
59046  109.40   24.35    96.8   72.09
59047  109.33   24.25   102.1   72.87
59051  110.50   24.77   136.7   74.33
59052  110.82   24.83   169.6   70.77
59053  110.67   24.62   105.8   74.87
59055  110.40   24.50   165.7   76.09
59057  110.18   24.13   772.3   79.33
59058  110.52   24.20   144.0   72.80
59059  110.80   24.17   105.6   75.43
59061  111.27   24.82   192.7   69.95
59063  111.45   25.18   265.7   72.57
59064  111.32   24.53   138.8   73.13
59065  111.52   24.42   108.0   72.43
59071  112.28   24.72   112.3   79.22
59072  112.38   24.78    97.6   78.29
59074  112.15   24.57   302.8   78.66
59075  112.63   24.48    69.3   70.93
59081  113.27   24.78    98.0   76.70
59082  113.58   24.80    69.3   77.32
59087  113.53   23.87    67.8   68.93
59088  113.42   24.18    45.7   71.37
59090  114.07   24.95   103.2   73.15
59091  114.53   24.75   252.0   78.28
59092  114.82   24.92   205.5   75.83
59093  115.03   24.78   249.8   76.07
59094  114.12   24.37   135.5   72.70
59096  114.48   24.37   214.8   70.38
59097  114.20   24.05   158.6   73.43
59099  114.93   24.45   173.5   74.13
59102  115.65   24.95   303.9   74.77
59106  115.90   24.58   149.0   72.05
59107  115.25   24.10    99.1   72.92
59109  115.73   24.15   123.6   72.50
59113  116.72   24.73   226.9   77.04
59114  116.17   24.65   105.3   69.77
59116  116.70   24.33    79.8   77.90
59117  116.10   24.27    87.8   73.83
59122  117.75   24.62    43.0   69.52
59124  117.37   24.52    28.0   75.53
59125  117.32   24.37    36.0   73.38
59126  117.65   24.50    28.9   66.48
59127  117.83   24.43    32.1   69.53
59129  117.60   24.13    53.0   70.17
59130  118.13   24.72    15.1   66.53
59131  118.37   24.97    45.4   68.07
59133  118.92   24.90    21.8   69.68
59134  118.07   24.48   139.4   69.26
59137  118.57   24.82    56.0   68.37
59205  105.63   23.65   685.8   77.24
59209  105.95   23.30   794.7   79.73
59211  106.60   23.90   173.5   74.63
59213  106.92   23.73   110.0   76.57
59215  106.62   23.33   633.3   76.55
59218  106.42   23.13   739.1   79.00
59224  107.12   23.60   111.2   76.27
59227  107.15   23.08   437.1   77.90
59228  107.58   23.32   108.8   78.16
59229  107.70   23.18    94.2   77.41
59230  108.15   23.83   167.8   74.20
59235  108.62   23.43   115.5   77.80
59237  108.28   23.17   111.6   78.26
59238  108.80   23.22   122.5   76.62
59241  109.68   23.97    90.5   75.49
59242  109.22   23.75    84.5   71.47
59246  109.67   23.60    70.0   74.07
59249  109.62   23.12    51.4   72.46
59254  110.08   23.40    42.5   72.96
59255  110.38   23.55    32.5   69.38
59256  110.92   23.37    53.6   75.27
59264  111.50   23.45    33.5   82.32
59265  111.30   23.48   119.2   72.23
59266  111.23   23.42    42.5   75.40
59268  111.53   23.25    29.3   77.20
59269  111.77   23.15    21.9   82.03
59270  112.18   23.92    55.4   77.10
59271  112.43   23.63    56.8   79.62
59276  112.67   23.35     8.2   75.49
59278  112.47   23.05     7.1   69.77
59279  112.88   23.17     6.3   68.94
59280  113.02   23.72    11.9   68.33
59284  113.22   23.38    12.8   65.85
59285  113.58   23.55    33.3   73.79
59287  113.32   23.13     6.3   74.07
59288  113.10   23.02     1.7   66.45
59289  113.75   23.03    19.3   68.97
59290  114.23   23.73    70.1   75.21
59293  114.68   23.73    41.1   66.27
59294  113.82   23.30     8.7   69.77
59297  114.28   23.18    17.0   71.17
59298  114.42   23.08    22.4   68.38
59303  115.77   23.93   120.9   72.63
59304  115.18   23.63   139.7   73.39
59306  115.83   23.43    40.4   73.59
59310  116.18   23.77    45.3   69.06
59312  116.63   23.67    11.8   76.45
59313  116.98   23.68     4.8   70.81
59314  116.17   23.30    10.5   72.72
59315  116.38   23.57     3.0   72.75
59316  116.68   23.40     1.2   70.24
59317  116.30   23.03    12.9   71.33
59318  116.58   23.27     5.9   69.71
59319  116.77   23.47     4.0   75.79
59320  117.13   23.77    18.1   74.00
59321  117.50   23.78    53.3   71.99
59322  117.37   23.98    22.8   67.96
59324  117.03   23.43     7.2   71.40
59417  106.75   22.37   128.3   76.23
59419  106.75   22.10   242.0   84.06
59421  107.20   22.83   255.1   76.33
59425  107.35   22.40   107.5   72.76
59426  107.90   22.55    88.2   74.40
59427  107.07   22.12   163.3   74.50
59429  107.97   22.15   180.0   79.24
59431  108.35   22.82    72.2   72.48
59432  108.40   22.80   194.6   69.69
59435  108.48   22.77    73.9   74.00
59441  109.25   22.70    77.6   74.85
59446  109.28   22.42    65.6   76.55
59448  109.55   22.27    68.4   76.03
59449  109.97   22.27    66.2   76.64
59451  110.35   22.70    98.1   72.64
59452  110.53   22.85   101.1   72.93
59453  110.17   22.65    81.8   73.73
59454  110.97   22.92    98.6   80.78
59456  110.93   22.35    84.6   73.10
59457  110.27   22.32   121.6   77.67
59462  111.57   22.77    53.3   75.03
59469  111.78   22.17    16.3   70.47
59470  112.22   22.72    27.9   83.51
59471  112.03   22.92    73.8   76.82
59473  112.97   22.77    19.8   71.23
59475  112.68   22.37     1.0   74.09
59476  113.03   22.53    36.3   67.47
59477  112.30   22.18    24.6   79.60
59478  112.78   22.25    32.7   71.67
59480  113.25   22.85    21.7   69.80
59481  113.37   22.95    13.9   68.44
59485  113.35   22.53     1.1   72.92
59487  113.28   22.22    22.1   72.59
59488  113.58   22.28    54.0   70.93
59492  114.70   22.93    26.2   70.97
59493  114.10   22.55    18.2   69.76
59500  115.32   22.97     4.3   67.97
59501  115.37   22.78     4.6   68.83
59502  115.65   22.95     4.4   69.30
59626  107.97   21.53    21.0   78.54
59631  108.35   21.78    32.4   76.48
59632  108.60   21.95     4.0   77.69
59635  108.35   21.62    31.2   70.95
59640  109.18   21.67     5.0   75.33
59644  109.10   21.48    14.6   79.30
59647  109.10   21.03    55.2   83.24
59650  110.25   21.38    24.9   82.87
59653  110.85   21.93    30.5   76.61
59654  110.30   21.62    20.1   74.00
59655  110.62   21.65    31.9   78.60
59656  110.77   21.43    20.2   81.43
59658  110.40   21.22    25.3   79.50
59659  110.88   21.65    25.3   77.88
59663  111.97   21.87    23.3   73.26
59664  111.00   21.50    11.8   81.33
59673  112.77   21.73    21.5   77.45
59750  110.10   20.92    22.3   81.60
59754  110.17   20.33    67.9   82.07
59757  110.37   20.00     9.9   82.54
59758  110.35   20.03    14.1   82.93
59838  108.62   19.10     8.4   79.57
59842  109.68   19.90    31.0   84.87
59843  110.00   19.73    31.7   83.87
59845  109.58   19.52   168.7   82.30
59847  109.05   19.27    97.9   74.90
59848  109.43   19.23   217.0   83.59
59849  109.83   19.03   250.9   86.13
59851  110.33   19.70    24.2   85.23
59854  110.10   19.37   118.3   83.70
59855  110.47   19.23    24.0   84.37
59856  110.75   19.62    21.7   82.24
59940  109.17   18.75   159.9   77.34
59941  109.52   18.77   328.5   79.83
59945  109.70   18.65    68.6   78.10
59948  109.52   18.23     5.5   85.93
59951  110.37   18.80     8.5   84.43
59954  110.03   18.50    13.9   76.50
59981  112.33   16.83     4.7   76.80
59985  111.62   16.53     4.0   78.12
